*** DO NOT EDIT THIS FILE - IT IS FORMATTED FOR INPUT ***
+++ Reactions, Amplitudes, and Scale Parameters +++
  1
  EtaPi	7
  EtaPi::Negative::S0-	-	1
  EtaPi::Negative::P0-	-	1
  EtaPi::Negative::P1-	-	1
  EtaPi::Negative::D0-	-	1
  EtaPi::Negative::D1-	-	1
  EtaPi::Positive::P1+	-	1
  EtaPi::Positive::D1+	-	1
+++ Likelihood Total and Partial Sums +++
  -968.36214428845
  EtaPi	-968.36214428845
+++ Fitter Information +++
  lastMinuitCommand	1
  lastMinuitCommandStatus	0
  eMatrixStatus	2
  minuitPrecision	1e-13
  minuitStrategy	1
  estDistToMinimum	1.44210127879887e-05
  bestMinimum	-968.36214428845
+++ Parameter Values and Errors +++
  14
  EtaPi::Negative::S0-_re	-1.7310977717264
  EtaPi::Negative::S0-_im	0
  EtaPi::Negative::P0-_re	-0.823516459658971
  EtaPi::Negative::P0-_im	-2.64115992270357
  EtaPi::Negative::P1-_re	5.60495693367315
  EtaPi::Negative::P1-_im	5.10488163822257
  EtaPi::Negative::D0-_re	13.4555519426191
  EtaPi::Negative::D0-_im	-33.9891455413776
  EtaPi::Negative::D1-_re	5.80435511853271
  EtaPi::Negative::D1-_im	-1.63703123413107
  EtaPi::Positive::P1+_re	0.00811577573879217
  EtaPi::Positive::P1+_im	-0.00171529332332586
  EtaPi::Positive::D1+_re	-0.00363806654136918
  EtaPi::Positive::D1+_im	0
  34.8403322504595	  0	  -3.99742667569092	  -17.2093317904141	  -47.8864240036138	  31.8485586235091	  265.776284837331	  103.695858156035	  24.3978646799444	  49.2113799809495	  1.28917994708019	  0.0873859026210857	  -1.01283115831313	  0	
  0	  0	  0	  0	  0	  0	  0	  0	  0	  0	  0	  0	  0	  0	
  -3.99742667569092	  0	  22.0204685166662	  4.71790890205194	  -3.88835166033752	  7.07295707334713	  34.0900805619626	  13.3717416542418	  1.68222988716536	  5.20305539860056	  -1.94574160741276	  -0.12560229038801	  1.53511249452152	  0	
  -17.2093317904141	  0	  4.71790890205194	  16.328252541251	  39.0460051120927	  -25.024498176851	  -201.418819386482	  -78.5560686786185	  -17.4161625128185	  -37.3114509289476	  0.708380079393857	  0.0600766286359159	  -0.546205319761513	  0	
  -47.8864240036138	  0	  -3.88835166033752	  39.0460051120927	  162.773124778141	  -93.5518788828668	  -762.470378905557	  -294.852074752446	  -67.7385314247193	  -144.225798854936	  4.717427263206	  0.257832825566104	  -3.76740802742252	  0	
  31.8485586235091	  0	  7.07295707334713	  -25.024498176851	  -93.5518788828668	  75.0050469655695	  522.879401814231	  204.746843319329	  38.3544751579432	  94.136982654416	  -3.86406616189184	  -0.218904919990651	  3.07867126766775	  0	
  265.776284837331	  0	  34.0900805619626	  -201.418819386482	  -762.470378905557	  522.879401814231	  4036.27665195963	  1573.37537224844	  334.094671156436	  738.07347150272	  -25.7202557995707	  -1.43385314938388	  20.5158751379354	  0	
  103.695858156035	  0	  13.3717416542418	  -78.5560686786185	  -294.852074752446	  204.746843319329	  1573.37537224844	  617.554232989372	  130.580535864316	  287.085527667425	  -9.20695064818207	  -0.464347221533796	  7.3895610554842	  0	
  24.3978646799444	  0	  1.68222988716536	  -17.4161625128185	  -67.7385314247193	  38.3544751579432	  334.094671156436	  130.580535864316	  41.8077911393156	  62.7473049026091	  -1.14874810985344	  -0.0601238653941735	  0.921124396036998	  0	
  49.2113799809495	  0	  5.20305539860056	  -37.3114509289476	  -144.225798854936	  94.136982654416	  738.07347150272	  287.085527667425	  62.7473049026091	  140.784452108523	  -4.56372925396044	  -0.252861279258738	  3.64204310830757	  0	
  1.28917994708019	  0	  -1.94574160741276	  0.708380079393857	  4.717427263206	  -3.86406616189184	  -25.7202557995707	  -9.20695064818207	  -1.14874810985344	  -4.56372925396044	  597.444904477489	  -0.0381403402979152	  -475.458925309373	  0	
  0.0873859026210857	  0	  -0.12560229038801	  0.0600766286359159	  0.257832825566104	  -0.218904919990651	  -1.43385314938388	  -0.464347221533796	  -0.0601238653941735	  -0.252861279258738	  -0.0381403402979152	  38.2296942534645	  0.0277887776948528	  0	
  -1.01283115831313	  0	  1.53511249452152	  -0.546205319761513	  -3.76740802742252	  3.07867126766775	  20.5158751379354	  7.3895610554842	  0.921124396036998	  3.64204310830757	  -475.458925309373	  0.0277887776948528	  404.248046780031	  0	
  0	  0	  0	  0	  0	  0	  0	  0	  0	  0	  0	  0	  0	  0	
+++ Normalization Integrals +++
  EtaPi
9206	9206
7
EtaPi::Negative::S0-
EtaPi::Negative::P0-
EtaPi::Negative::P1-
EtaPi::Negative::D0-
EtaPi::Negative::D1-
EtaPi::Positive::P1+
EtaPi::Positive::D1+
(0.0795772854596537,0)	(0.000796606230555966,-0)	(-0.00126110667069367,-0)	(-0.00117663762130818,-0)	(0.000362299700762558,-0)	(0,-0)	(0,-0)	
(0.000796606230555966,0)	(0.0785248687771869,0)	(0.000280636141477867,-0)	(0.000661064596581209,-0)	(-0.00216874407319842,-0)	(0,-0)	(0,-0)	
(-0.00126110667069367,0)	(0.000280636141477867,0)	(0.0809616614301653,0)	(-0.000468227340422024,-0)	(0.000643457730390096,-0)	(0,-0)	(0,-0)	
(-0.00117663762130818,0)	(0.000661064596581209,0)	(-0.000468227340422024,0)	(0.0795347422479195,0)	(0.000192162314345193,-0)	(0,-0)	(0,-0)	
(0.000362299700762558,0)	(-0.00216874407319842,0)	(0.000643457730390096,0)	(0.000192162314345193,0)	(0.0796460299574097,0)	(0,-0)	(0,-0)	
(0,0)	(0,0)	(0,0)	(0,0)	(0,0)	(0.0792453261715633,0)	(0.00065003906698635,-0)	
(0,0)	(0,0)	(0,0)	(0,0)	(0,0)	(0.00065003906698635,0)	(0.0778112374400729,0)	
(0.0795772854596537,0)	(0.000796606230555966,-0)	(-0.00126110667069367,-0)	(-0.00117663762130818,-0)	(0.000362299700762558,-0)	(0,-0)	(0,-0)	
(0.000796606230555966,0)	(0.0785248687771869,0)	(0.000280636141477867,-0)	(0.000661064596581209,-0)	(-0.00216874407319842,-0)	(0,-0)	(0,-0)	
(-0.00126110667069367,0)	(0.000280636141477867,0)	(0.0809616614301653,0)	(-0.000468227340422024,-0)	(0.000643457730390096,-0)	(0,-0)	(0,-0)	
(-0.00117663762130818,0)	(0.000661064596581209,0)	(-0.000468227340422024,0)	(0.0795347422479195,0)	(0.000192162314345193,-0)	(0,-0)	(0,-0)	
(0.000362299700762558,0)	(-0.00216874407319842,0)	(0.000643457730390096,0)	(0.000192162314345193,0)	(0.0796460299574097,0)	(0,-0)	(0,-0)	
(0,0)	(0,0)	(0,0)	(0,0)	(0,0)	(0.0792453261715633,0)	(0.00065003906698635,-0)	
(0,0)	(0,0)	(0,0)	(0,0)	(0,0)	(0.00065003906698635,0)	(0.0778112374400729,0)	
+++ Below these two lines is a config file that is   +++
+++ functionally equivalent to that used in the fit. +++
### FIT CONFIGURATION ###
fit bin_62
reaction EtaPi gamma Proton Pi0 Eta
sum EtaPi::Positive
sum EtaPi::Negative
amplitude EtaPi::Negative::S0- TwoPSAngles 0 0 -1
amplitude EtaPi::Negative::P0- TwoPSAngles 1 0 -1
amplitude EtaPi::Negative::P1- TwoPSAngles 1 1 -1
amplitude EtaPi::Negative::D0- TwoPSAngles 2 0 -1
amplitude EtaPi::Negative::D1- TwoPSAngles 2 1 -1
amplitude EtaPi::Positive::P1+ TwoPSAngles 1 1 1
amplitude EtaPi::Positive::D1+ TwoPSAngles 2 1 1
scale EtaPi::Negative::S0- 1.0
scale EtaPi::Negative::P0- 1.0
scale EtaPi::Negative::P1- 1.0
scale EtaPi::Negative::D0- 1.0
scale EtaPi::Negative::D1- 1.0
scale EtaPi::Positive::P1+ 1.0
scale EtaPi::Positive::D1+ 1.0
initialize EtaPi::Negative::S0- cartesian 143.185687973 0 real
initialize EtaPi::Negative::P0- cartesian 48.8170460279 9.40191812035
initialize EtaPi::Negative::P1- cartesian 25.2112852248 31.2858827595
initialize EtaPi::Negative::D0- cartesian 192.138006159 6.2312074962
initialize EtaPi::Negative::D1- cartesian 9.09946992323 3.78409623186
initialize EtaPi::Positive::P1+ cartesian 21.7995783433 -24.2769552889
initialize EtaPi::Positive::D1+ cartesian 50.8820770112 0 real
data EtaPi ROOTDataReader data_pi0eta_tLT1_62.root
genmc EtaPi ROOTDataReader thrown_pi0eta_tLT1_62.root
accmc EtaPi ROOTDataReader reco_pi0eta_tLT1_62.root
normintfile EtaPi bin_62.ni
