*** DO NOT EDIT THIS FILE - IT IS FORMATTED FOR INPUT ***
+++ Reactions, Amplitudes, and Scale Parameters +++
  1
  EtaPi	7
  EtaPi::Negative::S0-	-	1
  EtaPi::Negative::P0-	-	1
  EtaPi::Negative::P1-	-	1
  EtaPi::Negative::D0-	-	1
  EtaPi::Negative::D1-	-	1
  EtaPi::Positive::P1+	-	1
  EtaPi::Positive::D1+	-	1
+++ Likelihood Total and Partial Sums +++
  -3951.43537307676
  EtaPi	-3951.43537307676
+++ Fitter Information +++
  lastMinuitCommand	1
  lastMinuitCommandStatus	0
  eMatrixStatus	3
  minuitPrecision	1e-13
  minuitStrategy	1
  estDistToMinimum	6.46205160625705e-05
  bestMinimum	-3951.43537307676
+++ Parameter Values and Errors +++
  14
  EtaPi::Negative::S0-_re	0.404528278628305
  EtaPi::Negative::S0-_im	0
  EtaPi::Negative::P0-_re	0.731249487065515
  EtaPi::Negative::P0-_im	9.30779147345941
  EtaPi::Negative::P1-_re	1.05789151021454
  EtaPi::Negative::P1-_im	7.96801510226401
  EtaPi::Negative::D0-_re	62.3060459922525
  EtaPi::Negative::D0-_im	-20.1450420150346
  EtaPi::Negative::D1-_re	1.71679755009707
  EtaPi::Negative::D1-_im	10.6727539677011
  EtaPi::Positive::P1+_re	10.3418636086876
  EtaPi::Positive::P1+_im	0.00933936288682376
  EtaPi::Positive::D1+_re	-6.4401855894232
  EtaPi::Positive::D1+_im	0
  6.1013000806701	  0	  1.99623837336801	  -3.04831728566761	  2.37689997679491	  0.0908959484837707	  -5.93468885838512	  -17.1429950778361	  2.23860153733635	  -1.01965116238998	  8.07719446442469	  1.2838309931213	  4.66096294687293	  0	
  0	  0	  0	  0	  0	  0	  0	  0	  0	  0	  0	  0	  0	  0	
  1.99623837336801	  0	  105.071314976255	  -8.50346341293958	  85.1332626714894	  -16.0292420290458	  -216.166921144178	  -671.724009898455	  115.987009515199	  -15.3775246944323	  2.04085982287758	  -0.128723831262237	  -0.740690513808738	  0	
  -3.04831728566761	  0	  -8.50346341293958	  30.7698240683802	  -9.93660618680748	  18.9690925173039	  30.9537529318026	  108.121955693673	  -21.8687585762885	  -5.21016383415702	  -4.56034859723627	  -0.732160021078211	  1.99438584222935	  0	
  2.37689997679491	  0	  85.1332626714894	  -9.93660618680748	  79.5714357728314	  -8.16648252139179	  -184.702841403912	  -575.172726983095	  99.7383092642887	  -17.2329636514594	  1.73250020212576	  -0.360341287467922	  -0.821193895059501	  0	
  0.0908959484837707	  0	  -16.0292420290458	  18.9690925173039	  -8.16648252139179	  43.0373656646126	  42.3903620224663	  142.548671915823	  -31.6105524660918	  -18.7332810764011	  -0.85098281484299	  -1.18073143739836	  -0.11743738076555	  0	
  -5.93468885838512	  0	  -216.166921144178	  30.9537529318026	  -184.702841403912	  42.3903620224663	  472.417450987201	  1463.49621082832	  -255.200027741023	  28.8079744171688	  -8.24347054726381	  -0.742607812455813	  0.195325642384288	  0	
  -17.1429950778361	  0	  -671.724009898455	  108.121955693673	  -575.172726983095	  142.548671915823	  1463.49621082832	  4582.25234483506	  -799.97997442922	  87.4464432683973	  -9.78418271069953	  0.478026714048769	  6.52040011536812	  0	
  2.23860153733635	  0	  115.987009515199	  -21.8687585762885	  99.7383092642887	  -31.6105524660918	  -255.200027741023	  -799.97997442922	  146.753784282129	  -10.3541515226839	  0.733870836178042	  -0.38881121077837	  -1.60203936365115	  0	
  -1.01965116238998	  0	  -15.3775246944323	  -5.21016383415702	  -17.2329636514594	  -18.7332810764011	  28.8079744171688	  87.4464432683973	  -10.3541515226839	  23.2043721038128	  -1.52260431715945	  -0.609950500280245	  -0.599169377360375	  0	
  8.07719446442469	  0	  2.04085982287758	  -4.56034859723627	  1.73250020212576	  -0.85098281484299	  -8.24347054726381	  -9.78418271069953	  0.733870836178042	  -1.52260431715945	  56.6841627550977	  -8.23366183338961	  28.3749964624557	  0	
  1.2838309931213	  0	  -0.128723831262237	  -0.732160021078211	  -0.360341287467922	  -1.18073143739836	  -0.742607812455813	  0.478026714048769	  -0.38881121077837	  -0.609950500280245	  -8.23366183338961	  286.571380485263	  0.795717951201278	  0	
  4.66096294687293	  0	  -0.740690513808738	  1.99438584222935	  -0.821193895059501	  -0.11743738076555	  0.195325642384288	  6.52040011536812	  -1.60203936365115	  -0.599169377360375	  28.3749964624557	  0.795717951201278	  32.08023842961	  0	
  0	  0	  0	  0	  0	  0	  0	  0	  0	  0	  0	  0	  0	  0	
+++ Normalization Integrals +++
  EtaPi
8561	8561
7
EtaPi::Negative::S0-
EtaPi::Negative::P0-
EtaPi::Negative::P1-
EtaPi::Negative::D0-
EtaPi::Negative::D1-
EtaPi::Positive::P1+
EtaPi::Positive::D1+
(0.079577285459653,0)	(0.000634921852857991,-0)	(-0.000338848468077612,-0)	(0.000321994964309858,-0)	(-0.000271853448585859,-0)	(0,-0)	(0,-0)	
(0.000634921852857991,0)	(0.0798652865110824,0)	(-0.000210576775796414,-0)	(0.00185244128178684,-0)	(-0.000182741821573576,-0)	(0,-0)	(0,-0)	
(-0.000338848468077612,0)	(-0.000210576775796414,0)	(0.07950636656613,0)	(0.000220585044530047,-0)	(-0.00026439220875665,-0)	(0,-0)	(0,-0)	
(0.000321994964309858,0)	(0.00185244128178684,0)	(0.000220585044530047,0)	(0.0789427461696159,0)	(0.000559866820234609,-0)	(0,-0)	(0,-0)	
(-0.000271853448585859,0)	(-0.000182741821573576,0)	(-0.00026439220875665,0)	(0.000559866820234609,0)	(0.0797125283888407,0)	(0,-0)	(0,-0)	
(0,0)	(0,0)	(0,0)	(0,0)	(0,0)	(0.079360203301703,0)	(-0.000235261561797129,-0)	
(0,0)	(0,0)	(0,0)	(0,0)	(0,0)	(-0.000235261561797129,0)	(0.0807680966695389,0)	
(0.079577285459653,0)	(0.000634921852857991,-0)	(-0.000338848468077612,-0)	(0.000321994964309858,-0)	(-0.000271853448585859,-0)	(0,-0)	(0,-0)	
(0.000634921852857991,0)	(0.0798652865110824,0)	(-0.000210576775796414,-0)	(0.00185244128178684,-0)	(-0.000182741821573576,-0)	(0,-0)	(0,-0)	
(-0.000338848468077612,0)	(-0.000210576775796414,0)	(0.07950636656613,0)	(0.000220585044530047,-0)	(-0.00026439220875665,-0)	(0,-0)	(0,-0)	
(0.000321994964309858,0)	(0.00185244128178684,0)	(0.000220585044530047,0)	(0.0789427461696159,0)	(0.000559866820234609,-0)	(0,-0)	(0,-0)	
(-0.000271853448585859,0)	(-0.000182741821573576,0)	(-0.00026439220875665,0)	(0.000559866820234609,0)	(0.0797125283888407,0)	(0,-0)	(0,-0)	
(0,0)	(0,0)	(0,0)	(0,0)	(0,0)	(0.079360203301703,0)	(-0.000235261561797129,-0)	
(0,0)	(0,0)	(0,0)	(0,0)	(0,0)	(-0.000235261561797129,0)	(0.0807680966695389,0)	
+++ Below these two lines is a config file that is   +++
+++ functionally equivalent to that used in the fit. +++
### FIT CONFIGURATION ###
fit bin_49
reaction EtaPi gamma Proton Pi0 Eta
sum EtaPi::Positive
sum EtaPi::Negative
amplitude EtaPi::Negative::S0- TwoPSAngles 0 0 -1
amplitude EtaPi::Negative::P0- TwoPSAngles 1 0 -1
amplitude EtaPi::Negative::P1- TwoPSAngles 1 1 -1
amplitude EtaPi::Negative::D0- TwoPSAngles 2 0 -1
amplitude EtaPi::Negative::D1- TwoPSAngles 2 1 -1
amplitude EtaPi::Positive::P1+ TwoPSAngles 1 1 1
amplitude EtaPi::Positive::D1+ TwoPSAngles 2 1 1
scale EtaPi::Negative::S0- 1.0
scale EtaPi::Negative::P0- 1.0
scale EtaPi::Negative::P1- 1.0
scale EtaPi::Negative::D0- 1.0
scale EtaPi::Negative::D1- 1.0
scale EtaPi::Positive::P1+ 1.0
scale EtaPi::Positive::D1+ 1.0
initialize EtaPi::Negative::S0- cartesian 219.300714057 0 real
initialize EtaPi::Negative::P0- cartesian 38.1143246962 34.2805987668
initialize EtaPi::Negative::P1- cartesian 31.7717736199 31.4255812461
initialize EtaPi::Negative::D0- cartesian 139.606697943 -10.1004668567
initialize EtaPi::Negative::D1- cartesian 24.9804969566 -5.33292936182
initialize EtaPi::Positive::P1+ cartesian 55.0436183155 -12.1450884231
initialize EtaPi::Positive::D1+ cartesian 86.2155783133 0 real
data EtaPi ROOTDataReader data_pi0eta_tLT1_49.root
genmc EtaPi ROOTDataReader thrown_pi0eta_tLT1_49.root
accmc EtaPi ROOTDataReader reco_pi0eta_tLT1_49.root
normintfile EtaPi bin_49.ni
