*** DO NOT EDIT THIS FILE - IT IS FORMATTED FOR INPUT ***
+++ Reactions, Amplitudes, and Scale Parameters +++
  1
  EtaPi	7
  EtaPi::Negative::S0-	-	1
  EtaPi::Negative::P0-	-	1
  EtaPi::Negative::P1-	-	1
  EtaPi::Negative::D0-	-	1
  EtaPi::Negative::D1-	-	1
  EtaPi::Positive::P1+	-	1
  EtaPi::Positive::D1+	-	1
+++ Likelihood Total and Partial Sums +++
  -4776.38060958174
  EtaPi	-4776.38060958174
+++ Fitter Information +++
  lastMinuitCommand	1
  lastMinuitCommandStatus	0
  eMatrixStatus	3
  minuitPrecision	1e-13
  minuitStrategy	1
  estDistToMinimum	8.58951867346083e-05
  bestMinimum	-4776.38060958174
+++ Parameter Values and Errors +++
  14
  EtaPi::Negative::S0-_re	7.15712920901303
  EtaPi::Negative::S0-_im	0
  EtaPi::Negative::P0-_re	-7.44329920497441
  EtaPi::Negative::P0-_im	0.472219051075586
  EtaPi::Negative::P1-_re	5.10992852648839
  EtaPi::Negative::P1-_im	0.79471844417355
  EtaPi::Negative::D0-_re	-10.3732970932466
  EtaPi::Negative::D0-_im	68.3728599670774
  EtaPi::Negative::D1-_re	-3.88738368454178
  EtaPi::Negative::D1-_im	-0.552548998960636
  EtaPi::Positive::P1+_re	5.45662712069325
  EtaPi::Positive::P1+_im	-15.6407689181396
  EtaPi::Positive::D1+_re	14.504322909416
  EtaPi::Positive::D1+_im	0
  386.86898101807	  0	  254.156416590807	  91.5578720117935	  -240.994564580746	  -67.2898544628017	  430.572695305689	  74.5476271990571	  -134.318847584998	  4.63526768732413	  9.90375633732726	  114.025735902626	  52.1895071611027	  0	
  0	  0	  0	  0	  0	  0	  0	  0	  0	  0	  0	  0	  0	  0	
  254.156416590807	  0	  340.09839890596	  85.7900362509902	  -171.672597948055	  -52.8583991340391	  356.383169485281	  68.6714978716141	  -158.847812602457	  -4.37125871118656	  -42.1566508593986	  61.1479984033029	  65.4722370013072	  0	
  91.5578720117935	  0	  85.7900362509902	  38.6690080435751	  -54.0761151084053	  -22.4309846030917	  195.593772846795	  30.2266872591837	  -42.74314265639	  4.7999888129486	  1.27438535455497	  0.469954769449353	  -1.58054778449705	  0	
  -240.994564580746	  0	  -171.672597948055	  -54.0761151084053	  189.772650804925	  47.357816704076	  -226.039729398982	  -44.0557936890142	  93.5675270778873	  1.20553448351997	  4.37210823939534	  -81.2066584396654	  -45.5941868340425	  0	
  -67.2898544628017	  0	  -52.8583991340391	  -22.4309846030917	  47.357816704076	  20.6176221609934	  -123.746382977225	  -19.566978519568	  28.1105020328891	  -2.58823683190359	  -2.66115545957474	  -4.56171759071579	  -0.0757987348846994	  0	
  430.572695305689	  0	  356.383169485281	  195.593772846795	  -226.039729398982	  -123.746382977225	  1267.23472170307	  178.457753366884	  -181.0082495772	  43.8139468196147	  55.4683050641913	  -99.8668142002613	  -96.6349690788052	  0	
  74.5476271990571	  0	  68.6714978716141	  30.2266872591837	  -44.0557936890142	  -19.566978519568	  178.457753366884	  30.8190067992276	  -33.595154877394	  4.8136537403118	  2.43283367664215	  0.0582293913125425	  -4.15604698119234	  0	
  -134.318847584998	  0	  -158.847812602457	  -42.74314265639	  93.5675270778873	  28.1105020328891	  -181.0082495772	  -33.595154877394	  99.1006854775858	  3.74939969180565	  13.1733679950768	  -33.118007176078	  -28.1476137132911	  0	
  4.63526768732413	  0	  -4.37125871118656	  4.7999888129486	  1.20553448351997	  -2.58823683190359	  43.8139468196147	  4.8136537403118	  3.74939969180565	  7.34477795913544	  5.55600722555709	  -11.0716891734509	  -10.4987003399913	  0	
  9.90375633732726	  0	  -42.1566508593986	  1.27438535455497	  4.37210823939534	  -2.66115545957474	  55.4683050641913	  2.43283367664215	  13.1733679950768	  5.55600722555709	  47.7418590602882	  -19.7678571338013	  -34.4241662787067	  0	
  114.025735902626	  0	  61.1479984033029	  0.469954769449353	  -81.2066584396654	  -4.56171759071579	  -99.8668142002613	  0.0582293913125425	  -33.118007176078	  -11.0716891734509	  -19.7678571338013	  164.96717957073	  104.124610521957	  0	
  52.1895071611027	  0	  65.4722370013072	  -1.58054778449705	  -45.5941868340425	  -0.0757987348846994	  -96.6349690788052	  -4.15604698119234	  -28.1476137132911	  -10.4987003399913	  -34.4241662787067	  104.124610521957	  95.3370117737041	  0	
  0	  0	  0	  0	  0	  0	  0	  0	  0	  0	  0	  0	  0	  0	
+++ Normalization Integrals +++
  EtaPi
8660	8660
7
EtaPi::Negative::S0-
EtaPi::Negative::P0-
EtaPi::Negative::P1-
EtaPi::Negative::D0-
EtaPi::Negative::D1-
EtaPi::Positive::P1+
EtaPi::Positive::D1+
(0.0795772854596531,0)	(-0.000608115526371193,-0)	(-0.000222866233166125,-0)	(0.00171946265143714,-0)	(0.00194318850863563,-0)	(0,-0)	(0,-0)	
(-0.000608115526371193,0)	(0.0811152196089926,0)	(0.00150518734649748,-0)	(-0.00040464152567171,-0)	(0.000617729299190194,-0)	(0,-0)	(0,-0)	
(-0.000222866233166125,0)	(0.00150518734649748,0)	(0.0795621278995721,0)	(0.000784141289385053,-0)	(7.06779899903716e-05,-0)	(0,-0)	(0,-0)	
(0.00171946265143714,0)	(-0.00040464152567171,0)	(0.000784141289385053,0)	(0.0814930089316955,0)	(0.00131130655542562,-0)	(0,-0)	(0,-0)	
(0.00194318850863563,0)	(0.000617729299190194,0)	(7.06779899903716e-05,0)	(0.00131130655542562,0)	(0.0805875295728371,0)	(0,-0)	(0,-0)	
(0,0)	(0,0)	(0,0)	(0,0)	(0,0)	(0.0780545088703503,0)	(-0.00117358573991717,-0)	
(0,0)	(0,0)	(0,0)	(0,0)	(0,0)	(-0.00117358573991717,0)	(0.078575966965954,0)	
(0.0795772854596531,0)	(-0.000608115526371193,-0)	(-0.000222866233166125,-0)	(0.00171946265143714,-0)	(0.00194318850863563,-0)	(0,-0)	(0,-0)	
(-0.000608115526371193,0)	(0.0811152196089926,0)	(0.00150518734649748,-0)	(-0.00040464152567171,-0)	(0.000617729299190194,-0)	(0,-0)	(0,-0)	
(-0.000222866233166125,0)	(0.00150518734649748,0)	(0.0795621278995721,0)	(0.000784141289385053,-0)	(7.06779899903716e-05,-0)	(0,-0)	(0,-0)	
(0.00171946265143714,0)	(-0.00040464152567171,0)	(0.000784141289385053,0)	(0.0814930089316955,0)	(0.00131130655542562,-0)	(0,-0)	(0,-0)	
(0.00194318850863563,0)	(0.000617729299190194,0)	(7.06779899903716e-05,0)	(0.00131130655542562,0)	(0.0805875295728371,0)	(0,-0)	(0,-0)	
(0,0)	(0,0)	(0,0)	(0,0)	(0,0)	(0.0780545088703503,0)	(-0.00117358573991717,-0)	
(0,0)	(0,0)	(0,0)	(0,0)	(0,0)	(-0.00117358573991717,0)	(0.078575966965954,0)	
+++ Below these two lines is a config file that is   +++
+++ functionally equivalent to that used in the fit. +++
### FIT CONFIGURATION ###
fit bin_47
reaction EtaPi gamma Proton Pi0 Eta
sum EtaPi::Positive
sum EtaPi::Negative
amplitude EtaPi::Negative::S0- TwoPSAngles 0 0 -1
amplitude EtaPi::Negative::P0- TwoPSAngles 1 0 -1
amplitude EtaPi::Negative::P1- TwoPSAngles 1 1 -1
amplitude EtaPi::Negative::D0- TwoPSAngles 2 0 -1
amplitude EtaPi::Negative::D1- TwoPSAngles 2 1 -1
amplitude EtaPi::Positive::P1+ TwoPSAngles 1 1 1
amplitude EtaPi::Positive::D1+ TwoPSAngles 2 1 1
scale EtaPi::Negative::S0- 1.0
scale EtaPi::Negative::P0- 1.0
scale EtaPi::Negative::P1- 1.0
scale EtaPi::Negative::D0- 1.0
scale EtaPi::Negative::D1- 1.0
scale EtaPi::Positive::P1+ 1.0
scale EtaPi::Positive::D1+ 1.0
initialize EtaPi::Negative::S0- cartesian 368.200818058 0 real
initialize EtaPi::Negative::P0- cartesian 66.4424288921 74.0921576402
initialize EtaPi::Negative::P1- cartesian 34.0306750253 36.1192287186
initialize EtaPi::Negative::D0- cartesian 252.524493888 89.6396760396
initialize EtaPi::Negative::D1- cartesian 0.134328094956 25.414980098
initialize EtaPi::Positive::P1+ cartesian 24.2232101874 -12.1764337155
initialize EtaPi::Positive::D1+ cartesian 25.2975284149 0 real
data EtaPi ROOTDataReader data_pi0eta_tLT1_47.root
genmc EtaPi ROOTDataReader thrown_pi0eta_tLT1_47.root
accmc EtaPi ROOTDataReader reco_pi0eta_tLT1_47.root
normintfile EtaPi bin_47.ni
