*** DO NOT EDIT THIS FILE - IT IS FORMATTED FOR INPUT ***
+++ Reactions, Amplitudes, and Scale Parameters +++
  1
  EtaPi	7
  EtaPi::Negative::S0-	-	1
  EtaPi::Negative::P0-	-	1
  EtaPi::Negative::P1-	-	1
  EtaPi::Negative::D0-	-	1
  EtaPi::Negative::D1-	-	1
  EtaPi::Positive::P1+	-	1
  EtaPi::Positive::D1+	-	1
+++ Likelihood Total and Partial Sums +++
  -251976.492561273
  EtaPi	-251976.492561273
+++ Fitter Information +++
  lastMinuitCommand	1
  lastMinuitCommandStatus	0
  eMatrixStatus	3
  minuitPrecision	1e-13
  minuitStrategy	1
  estDistToMinimum	0.020201559553273
  bestMinimum	-251976.492561273
+++ Parameter Values and Errors +++
  14
  EtaPi::Negative::S0-_re	278.396111648517
  EtaPi::Negative::S0-_im	0
  EtaPi::Negative::P0-_re	-13.3271822006309
  EtaPi::Negative::P0-_im	47.004351083058
  EtaPi::Negative::P1-_re	-0.469329627886882
  EtaPi::Negative::P1-_im	222.905462280144
  EtaPi::Negative::D0-_re	68.9626316644019
  EtaPi::Negative::D0-_im	-3.17387790343186
  EtaPi::Negative::D1-_re	-22.3901494671221
  EtaPi::Negative::D1-_im	3.30102263717776
  EtaPi::Positive::P1+_re	204.834177259607
  EtaPi::Positive::P1+_im	-87.1964720854643
  EtaPi::Positive::D1+_re	11.2325706047937
  EtaPi::Positive::D1+_im	0
  454.960057522317	  0	  10.4269033899943	  -107.81176486425	  3.1303476961402	  -235.762518068202	  -218.640257229556	  -1.62021740503494	  117.92207388974	  11.3173701596329	  -37.3209101453523	  539.356620795449	  3.93401340121844	  0	
  0	  0	  0	  0	  0	  0	  0	  0	  0	  0	  0	  0	  0	  0	
  10.4269033899943	  0	  10.810541205681	  1.99406403566954	  1.08808442758988	  -5.8712722218526	  -6.51845534122567	  -2.82792238697819	  0.0583169937086187	  -6.11264672081576	  34.0272713959955	  94.6808385448641	  -8.84207338826167	  0	
  -107.81176486425	  0	  1.99406403566954	  851.149883174654	  -30.2249511124049	  -45.4090777757467	  -108.742157110534	  -23.8381426364784	  -473.637994574203	  -13.9249984135162	  -1116.46349462486	  -2594.71750592113	  52.9687391402237	  0	
  3.1303476961402	  0	  1.08808442758988	  -30.2249511124049	  9.33570315306289	  2.03680256990283	  4.07879030870375	  4.74901989274508	  16.4136026507504	  -0.918703906371135	  40.4511237047212	  93.9848864831781	  -2.45807092460323	  0	
  -235.762518068202	  0	  -5.8712722218526	  -45.4090777757467	  2.03680256990283	  142.476289288646	  134.588198149951	  4.34345664915691	  -6.94571602242618	  -4.76750301605349	  135.732281023633	  -19.3435146598165	  -7.28824277419047	  0	
  -218.640257229556	  0	  -6.51845534122567	  -108.742157110534	  4.07879030870375	  134.588198149951	  142.96707737863	  7.05250867823689	  30.0262428148114	  -3.03520008463267	  193.14450352045	  116.090093497135	  -10.3215298807772	  0	
  -1.62021740503494	  0	  -2.82792238697819	  -23.8381426364784	  4.74901989274508	  4.34345664915691	  7.05250867823689	  21.3559136029171	  12.5774253458516	  0.631219014551273	  -1.54216137402836	  -9.43146328145595	  1.68226629551929	  0	
  117.92207388974	  0	  0.0583169937086187	  -473.637994574203	  16.4136026507504	  -6.94571602242618	  30.0262428148114	  12.5774253458516	  277.221354096536	  9.30599561126146	  592.1703522524	  1457.92873667121	  -27.8148870111965	  0	
  11.3173701596329	  0	  -6.11264672081576	  -13.9249984135162	  -0.918703906371135	  -4.76750301605349	  -3.03520008463267	  0.631219014551273	  9.30599561126146	  14.6449197381573	  1.14134305866735	  16.0570944908028	  1.02056305562865	  0	
  -37.3209101453523	  0	  34.0272713959955	  -1116.46349462486	  40.4511237047212	  135.732281023633	  193.14450352045	  -1.54216137402836	  592.1703522524	  1.14134305866735	  2037.28326234499	  4479.16518966916	  -112.103603737003	  0	
  539.356620795449	  0	  94.6808385448641	  -2594.71750592113	  93.9848864831781	  -19.3435146598165	  116.090093497135	  -9.43146328145595	  1457.92873667121	  16.0570944908028	  4479.16518966916	  10753.8509878295	  -244.547883135152	  0	
  3.93401340121844	  0	  -8.84207338826167	  52.9687391402237	  -2.45807092460323	  -7.28824277419047	  -10.3215298807772	  1.68226629551929	  -27.8148870111965	  1.02056305562865	  -112.103603737003	  -244.547883135152	  22.5245281504544	  0	
  0	  0	  0	  0	  0	  0	  0	  0	  0	  0	  0	  0	  0	  0	
+++ Normalization Integrals +++
  EtaPi
8433	8433
7
EtaPi::Negative::S0-
EtaPi::Negative::P0-
EtaPi::Negative::P1-
EtaPi::Negative::D0-
EtaPi::Negative::D1-
EtaPi::Positive::P1+
EtaPi::Positive::D1+
(0.0795772854596528,0)	(0.00190299922671573,-0)	(0.000162418690208419,-0)	(0.000763809137423981,-0)	(-0.000910807621910739,-0)	(0,-0)	(0,-0)	
(0.00190299922671573,0)	(0.0802604571208845,0)	(-0.000705508550251813,-0)	(0.00397567115165027,-0)	(0.000163493498673238,-0)	(0,-0)	(0,-0)	
(0.000162418690208419,0)	(-0.000705508550251813,0)	(0.0795110021046568,0)	(-4.00000928566289e-05,-0)	(0.000401984618318304,-0)	(0,-0)	(0,-0)	
(0.000763809137423981,0)	(0.00397567115165027,0)	(-4.00000928566289e-05,0)	(0.0797580604393419,0)	(-0.000436013342552361,-0)	(0,-0)	(0,-0)	
(-0.000910807621910739,0)	(0.000163493498673238,0)	(0.000401984618318304,0)	(-0.000436013342552361,0)	(0.0794921091060334,0)	(0,-0)	(0,-0)	
(0,0)	(0,0)	(0,0)	(0,0)	(0,0)	(0.0789603971533741,0)	(-7.91713622706626e-05,-0)	
(0,0)	(0,0)	(0,0)	(0,0)	(0,0)	(-7.91713622706626e-05,0)	(0.080560047942382,0)	
(0.0795772854596528,0)	(0.00190299922671573,-0)	(0.000162418690208419,-0)	(0.000763809137423981,-0)	(-0.000910807621910739,-0)	(0,-0)	(0,-0)	
(0.00190299922671573,0)	(0.0802604571208845,0)	(-0.000705508550251813,-0)	(0.00397567115165027,-0)	(0.000163493498673238,-0)	(0,-0)	(0,-0)	
(0.000162418690208419,0)	(-0.000705508550251813,0)	(0.0795110021046568,0)	(-4.00000928566289e-05,-0)	(0.000401984618318304,-0)	(0,-0)	(0,-0)	
(0.000763809137423981,0)	(0.00397567115165027,0)	(-4.00000928566289e-05,0)	(0.0797580604393419,0)	(-0.000436013342552361,-0)	(0,-0)	(0,-0)	
(-0.000910807621910739,0)	(0.000163493498673238,0)	(0.000401984618318304,0)	(-0.000436013342552361,0)	(0.0794921091060334,0)	(0,-0)	(0,-0)	
(0,0)	(0,0)	(0,0)	(0,0)	(0,0)	(0.0789603971533741,0)	(-7.91713622706626e-05,-0)	
(0,0)	(0,0)	(0,0)	(0,0)	(0,0)	(-7.91713622706626e-05,0)	(0.080560047942382,0)	
+++ Below these two lines is a config file that is   +++
+++ functionally equivalent to that used in the fit. +++
### FIT CONFIGURATION ###
fit bin_14
reaction EtaPi gamma Proton Pi0 Eta
sum EtaPi::Positive
sum EtaPi::Negative
amplitude EtaPi::Negative::S0- TwoPSAngles 0 0 -1
amplitude EtaPi::Negative::P0- TwoPSAngles 1 0 -1
amplitude EtaPi::Negative::P1- TwoPSAngles 1 1 -1
amplitude EtaPi::Negative::D0- TwoPSAngles 2 0 -1
amplitude EtaPi::Negative::D1- TwoPSAngles 2 1 -1
amplitude EtaPi::Positive::P1+ TwoPSAngles 1 1 1
amplitude EtaPi::Positive::D1+ TwoPSAngles 2 1 1
scale EtaPi::Negative::S0- 1.0
scale EtaPi::Negative::P0- 1.0
scale EtaPi::Negative::P1- 1.0
scale EtaPi::Negative::D0- 1.0
scale EtaPi::Negative::D1- 1.0
scale EtaPi::Positive::P1+ 1.0
scale EtaPi::Positive::D1+ 1.0
initialize EtaPi::Negative::S0- cartesian 481.846999823 0 real
initialize EtaPi::Negative::P0- cartesian 68.1987764779 59.244314087
initialize EtaPi::Negative::P1- cartesian 34.7996040916 55.6207893282
initialize EtaPi::Negative::D0- cartesian 296.362538315 84.1646381852
initialize EtaPi::Negative::D1- cartesian 4.10228730121 20.4703931933
initialize EtaPi::Positive::P1+ cartesian 27.335698913 -20.4155284521
initialize EtaPi::Positive::D1+ cartesian 30.3545439302 0 real
data EtaPi ROOTDataReader data_pi0eta_tLT1_14.root
genmc EtaPi ROOTDataReader thrown_pi0eta_tLT1_14.root
accmc EtaPi ROOTDataReader reco_pi0eta_tLT1_14.root
normintfile EtaPi bin_14.ni
