*** DO NOT EDIT THIS FILE - IT IS FORMATTED FOR INPUT ***
+++ Reactions, Amplitudes, and Scale Parameters +++
  1
  EtaPi	7
  EtaPi::Negative::S0-	-	1
  EtaPi::Negative::P0-	-	1
  EtaPi::Negative::P1-	-	1
  EtaPi::Negative::D0-	-	1
  EtaPi::Negative::D1-	-	1
  EtaPi::Positive::P1+	-	1
  EtaPi::Positive::D1+	-	1
+++ Likelihood Total and Partial Sums +++
  -1887.16130660297
  EtaPi	-1887.16130660297
+++ Fitter Information +++
  lastMinuitCommand	1
  lastMinuitCommandStatus	0
  eMatrixStatus	2
  minuitPrecision	1e-13
  minuitStrategy	1
  estDistToMinimum	2.91265031678106e-05
  bestMinimum	-1887.16130660297
+++ Parameter Values and Errors +++
  14
  EtaPi::Negative::S0-_re	-1.91361500766045
  EtaPi::Negative::S0-_im	0
  EtaPi::Negative::P0-_re	10.4131338369817
  EtaPi::Negative::P0-_im	10.2037908851159
  EtaPi::Negative::P1-_re	-0.570986858394071
  EtaPi::Negative::P1-_im	1.19272575474712
  EtaPi::Negative::D0-_re	31.019241883608
  EtaPi::Negative::D0-_im	-33.2909500057398
  EtaPi::Negative::D1-_re	-6.09639959409947
  EtaPi::Negative::D1-_im	-7.99368310731493
  EtaPi::Positive::P1+_re	-11.5474353555184
  EtaPi::Positive::P1+_im	0.00147666800697202
  EtaPi::Positive::D1+_re	5.15241047027342
  EtaPi::Positive::D1+_im	0
  17.0455891461712	  0	  -26.8518753582265	  9.89110102260712	  2.75621713632805	  5.05838196513322	  51.1860485329727	  47.6879981194596	  8.96238118517843	  -12.7637733435989	  -13.1298817972908	  0.0254070098105433	  0.274723382398115	  0	
  0	  0	  0	  0	  0	  0	  0	  0	  0	  0	  0	  0	  0	  0	
  -26.8518753582265	  0	  149.620710283609	  -113.95578921274	  2.77161034318092	  -4.80111733129208	  -406.698734026616	  -374.657723734104	  -88.5202501197024	  81.9281183408733	  6.5805355857607	  1.46367737491764	  -13.3070950454885	  0	
  9.89110102260712	  0	  -113.95578921274	  147.56598834125	  -8.71073891661836	  -2.10923783461173	  404.914696830146	  381.664587724049	  102.248691505743	  -72.4994629811726	  12.488490694477	  -3.81409476525318	  10.1439616329885	  0	
  2.75621713632805	  0	  2.77161034318092	  -8.71073891661836	  10.6501536497864	  6.05207370535958	  -18.5583246406024	  -18.1980944659447	  -5.59605409797337	  4.07384398627762	  -3.56132475867182	  0.667297788370101	  -1.49394670456361	  0	
  5.05838196513322	  0	  -4.80111733129208	  -2.10923783461173	  6.05207370535958	  11.0543497222966	  2.66989287718545	  1.98081087064727	  0.196028842226582	  -0.761021060708501	  -5.10063324404273	  0.628490999601968	  -1.1531796906499	  0	
  51.1860485329727	  0	  -406.698734026616	  404.914696830146	  -18.5583246406024	  2.66989287718545	  1284.46866435515	  1190.83663766822	  301.607237020581	  -239.957055996989	  18.6267971351307	  -9.6195307716439	  39.197762260202	  0	
  47.6879981194596	  0	  -374.657723734104	  381.664587724049	  -18.1980944659447	  1.98081087064727	  1190.83663766822	  1113.87633203669	  281.806619327197	  -223.893237190225	  12.0314041320875	  -8.15729604954726	  33.0696988530063	  0	
  8.96238118517843	  0	  -88.5202501197024	  102.248691505743	  -5.59605409797337	  0.196028842226582	  301.607237020581	  281.806619327197	  80.6007751918974	  -52.7593174895684	  6.79873657965417	  -2.40601068382826	  7.95158936022466	  0	
  -12.7637733435989	  0	  81.9281183408733	  -72.4994629811726	  4.07384398627762	  -0.761021060708501	  -239.957055996989	  -223.893237190225	  -52.7593174895684	  55.2201309796732	  0.392465468892058	  1.58713765812412	  -7.8124970967054	  0	
  -13.1298817972908	  0	  6.5805355857607	  12.488490694477	  -3.56132475867182	  -5.10063324404273	  18.6267971351307	  12.0314041320875	  6.79873657965417	  0.392465468892058	  41.5466816701631	  14.8839645819034	  16.1121454128047	  0	
  0.0254070098105433	  0	  1.46367737491764	  -3.81409476525318	  0.667297788370101	  0.628490999601968	  -9.6195307716439	  -8.15729604954726	  -2.40601068382826	  1.58713765812412	  14.8839645819034	  420.997011155447	  2.67548608570404	  0	
  0.274723382398115	  0	  -13.3070950454885	  10.1439616329885	  -1.49394670456361	  -1.1531796906499	  39.197762260202	  33.0696988530063	  7.95158936022466	  -7.8124970967054	  16.1121454128047	  2.67548608570404	  21.0303808247433	  0	
  0	  0	  0	  0	  0	  0	  0	  0	  0	  0	  0	  0	  0	  0	
+++ Normalization Integrals +++
  EtaPi
8760	8760
7
EtaPi::Negative::S0-
EtaPi::Negative::P0-
EtaPi::Negative::P1-
EtaPi::Negative::D0-
EtaPi::Negative::D1-
EtaPi::Positive::P1+
EtaPi::Positive::D1+
(0.0795772854596532,0)	(0.000618610146464761,-0)	(-2.96738079568088e-05,-0)	(7.19497520754149e-05,-0)	(-0.000459563424676191,-0)	(0,-0)	(0,-0)	
(0.000618610146464761,0)	(0.0796416392742806,0)	(-0.000355976298059387,-0)	(-0.000214393137730611,-0)	(-0.000893867512275724,-0)	(0,-0)	(0,-0)	
(-2.96738079568088e-05,0)	(-0.000355976298059387,0)	(0.0798839527508294,0)	(-0.000740935647377021,-0)	(0.00010731129886324,-0)	(0,-0)	(0,-0)	
(7.19497520754149e-05,0)	(-0.000214393137730611,0)	(-0.000740935647377021,0)	(0.0791091206155171,0)	(0.000281978873420213,-0)	(0,-0)	(0,-0)	
(-0.000459563424676191,0)	(-0.000893867512275724,0)	(0.00010731129886324,0)	(0.000281978873420213,0)	(0.0794648646424772,0)	(0,-0)	(0,-0)	
(0,0)	(0,0)	(0,0)	(0,0)	(0,0)	(0.0792062643538054,0)	(0.00173749310273441,-0)	
(0,0)	(0,0)	(0,0)	(0,0)	(0,0)	(0.00173749310273441,0)	(0.0804211824266981,0)	
(0.0795772854596532,0)	(0.000618610146464761,-0)	(-2.96738079568088e-05,-0)	(7.19497520754149e-05,-0)	(-0.000459563424676191,-0)	(0,-0)	(0,-0)	
(0.000618610146464761,0)	(0.0796416392742806,0)	(-0.000355976298059387,-0)	(-0.000214393137730611,-0)	(-0.000893867512275724,-0)	(0,-0)	(0,-0)	
(-2.96738079568088e-05,0)	(-0.000355976298059387,0)	(0.0798839527508294,0)	(-0.000740935647377021,-0)	(0.00010731129886324,-0)	(0,-0)	(0,-0)	
(7.19497520754149e-05,0)	(-0.000214393137730611,0)	(-0.000740935647377021,0)	(0.0791091206155171,0)	(0.000281978873420213,-0)	(0,-0)	(0,-0)	
(-0.000459563424676191,0)	(-0.000893867512275724,0)	(0.00010731129886324,0)	(0.000281978873420213,0)	(0.0794648646424772,0)	(0,-0)	(0,-0)	
(0,0)	(0,0)	(0,0)	(0,0)	(0,0)	(0.0792062643538054,0)	(0.00173749310273441,-0)	
(0,0)	(0,0)	(0,0)	(0,0)	(0,0)	(0.00173749310273441,0)	(0.0804211824266981,0)	
+++ Below these two lines is a config file that is   +++
+++ functionally equivalent to that used in the fit. +++
### FIT CONFIGURATION ###
fit bin_56
reaction EtaPi gamma Proton Pi0 Eta
sum EtaPi::Positive
sum EtaPi::Negative
amplitude EtaPi::Negative::S0- TwoPSAngles 0 0 -1
amplitude EtaPi::Negative::P0- TwoPSAngles 1 0 -1
amplitude EtaPi::Negative::P1- TwoPSAngles 1 1 -1
amplitude EtaPi::Negative::D0- TwoPSAngles 2 0 -1
amplitude EtaPi::Negative::D1- TwoPSAngles 2 1 -1
amplitude EtaPi::Positive::P1+ TwoPSAngles 1 1 1
amplitude EtaPi::Positive::D1+ TwoPSAngles 2 1 1
scale EtaPi::Negative::S0- 1.0
scale EtaPi::Negative::P0- 1.0
scale EtaPi::Negative::P1- 1.0
scale EtaPi::Negative::D0- 1.0
scale EtaPi::Negative::D1- 1.0
scale EtaPi::Positive::P1+ 1.0
scale EtaPi::Positive::D1+ 1.0
initialize EtaPi::Negative::S0- cartesian 111.19269247 0 real
initialize EtaPi::Negative::P0- cartesian 31.72788528 25.2477274057
initialize EtaPi::Negative::P1- cartesian 36.9193328835 14.696572092
initialize EtaPi::Negative::D0- cartesian 347.536651087 69.02034706
initialize EtaPi::Negative::D1- cartesian -7.99154896174 8.33303495594
initialize EtaPi::Positive::P1+ cartesian 29.3637399772 -24.6011305929
initialize EtaPi::Positive::D1+ cartesian 76.17927103 0 real
data EtaPi ROOTDataReader data_pi0eta_tLT1_56.root
genmc EtaPi ROOTDataReader thrown_pi0eta_tLT1_56.root
accmc EtaPi ROOTDataReader reco_pi0eta_tLT1_56.root
normintfile EtaPi bin_56.ni
