*** DO NOT EDIT THIS FILE - IT IS FORMATTED FOR INPUT ***
+++ Reactions, Amplitudes, and Scale Parameters +++
  1
  EtaPi	7
  EtaPi::Negative::S0-	-	1
  EtaPi::Negative::P0-	-	1
  EtaPi::Negative::P1-	-	1
  EtaPi::Negative::D0-	-	1
  EtaPi::Negative::D1-	-	1
  EtaPi::Positive::P1+	-	1
  EtaPi::Positive::D1+	-	1
+++ Likelihood Total and Partial Sums +++
  -245222.815282271
  EtaPi	-245222.815282271
+++ Fitter Information +++
  lastMinuitCommand	1
  lastMinuitCommandStatus	0
  eMatrixStatus	3
  minuitPrecision	1e-13
  minuitStrategy	1
  estDistToMinimum	0.00247819329060323
  bestMinimum	-245222.815282271
+++ Parameter Values and Errors +++
  14
  EtaPi::Negative::S0-_re	0.605481973716155
  EtaPi::Negative::S0-_im	0
  EtaPi::Negative::P0-_re	-3.4370778226129
  EtaPi::Negative::P0-_im	-22.8003479108045
  EtaPi::Negative::P1-_re	-2.22025884007993
  EtaPi::Negative::P1-_im	26.2981833496225
  EtaPi::Negative::D0-_re	409.932267326597
  EtaPi::Negative::D0-_im	-2.59224010668847
  EtaPi::Negative::D1-_re	1.85978316821558
  EtaPi::Negative::D1-_im	-5.43983157317272
  EtaPi::Positive::P1+_re	32.0586541928088
  EtaPi::Positive::P1+_im	0.453259688107301
  EtaPi::Positive::D1+_re	-1.39970348472867
  EtaPi::Positive::D1+_im	0
  4.8244178468337	  0	  3.12381640107793	  12.1460979665183	  -3.50330510370149	  6.69492266953678	  -0.473079283733604	  57.800378006993	  0.71922357600982	  2.54372897544597	  5.56793357153995	  0.912459442910779	  2.34419723691316	  0	
  0	  0	  0	  0	  0	  0	  0	  0	  0	  0	  0	  0	  0	  0	
  3.12381640107793	  0	  27.5081504662823	  3.26184258880143	  -28.0519380390164	  -6.7657778632464	  -2.2805921937709	  460.33261410773	  7.42180979749313	  0.646261287090191	  -8.28032709989307	  4.04138782151472	  10.1041216073111	  0	
  12.1460979665183	  0	  3.26184258880143	  212.01902915276	  -0.234421348014113	  133.485383666795	  -0.287570678344406	  -11.4263958210973	  -2.00856225071684	  29.7631013348134	  47.8445950573654	  -0.370666475798062	  10.8466323852673	  0	
  -3.50330510370149	  0	  -28.0519380390164	  -0.234421348014113	  35.8858137555434	  10.3007281765281	  2.5970678625939	  -534.630548845822	  -8.80974584788161	  0.0336298717467436	  10.4299583110141	  -4.69836004715979	  -11.6379670319358	  0	
  6.69492266953678	  0	  -6.7657778632464	  133.485383666795	  10.3007281765281	  155.531937618152	  -0.758540582993743	  -191.230482322686	  -4.56342339302624	  30.5570793355539	  29.3579128837274	  -4.16310432267869	  -2.34677657363802	  0	
  -0.473079283733604	  0	  -2.2805921937709	  -0.287570678344406	  2.5970678625939	  -0.758540582993743	  3.58693285468494	  -41.1150158598953	  -0.584406820860238	  -0.84184046086586	  -4.16656791303795	  -0.762209334868364	  -0.778422096571805	  0	
  57.800378006993	  0	  460.33261410773	  -11.4263958210973	  -534.630548845822	  -191.230482322686	  -41.1150158598953	  8829.90242858932	  144.148055808929	  7.45144455328851	  -181.439219319743	  82.3716168772758	  194.394893633876	  0	
  0.71922357600982	  0	  7.42180979749313	  -2.00856225071684	  -8.80974584788161	  -4.56342339302624	  -0.584406820860238	  144.148055808929	  6.01264457014337	  0.921663035028427	  -3.64055734858535	  1.56977271278107	  2.89428492966164	  0	
  2.54372897544597	  0	  0.646261287090191	  29.7631013348134	  0.0336298717467436	  30.5570793355539	  -0.84184046086586	  7.45144455328851	  0.921663035028427	  58.1738033439574	  6.90259635302454	  0.118011665237264	  -17.6294804960402	  0	
  5.56793357153995	  0	  -8.28032709989307	  47.8445950573654	  10.4299583110141	  29.3579128837274	  -4.16656791303795	  -181.439219319743	  -3.64055734858535	  6.90259635302454	  72.4086132599298	  -2.34062518145191	  7.31978699206949	  0	
  0.912459442910779	  0	  4.04138782151472	  -0.370666475798062	  -4.69836004715979	  -4.16310432267869	  -0.762209334868364	  82.3716168772758	  1.56977271278107	  0.118011665237264	  -2.34062518145191	  1.47751486849916	  3.22989378979091	  0	
  2.34419723691316	  0	  10.1041216073111	  10.8466323852673	  -11.6379670319358	  -2.34677657363802	  -0.778422096571805	  194.394893633876	  2.89428492966164	  -17.6294804960402	  7.31978699206949	  3.22989378979091	  51.9247131842555	  0	
  0	  0	  0	  0	  0	  0	  0	  0	  0	  0	  0	  0	  0	  0	
+++ Normalization Integrals +++
  EtaPi
8543	8543
7
EtaPi::Negative::S0-
EtaPi::Negative::P0-
EtaPi::Negative::P1-
EtaPi::Negative::D0-
EtaPi::Negative::D1-
EtaPi::Positive::P1+
EtaPi::Positive::D1+
(0.0795772854596529,0)	(0.000541200593323119,-0)	(-0.00031167781426891,-0)	(-0.000105313888003664,-0)	(0.00103973090958278,-0)	(0,-0)	(0,-0)	
(0.000541200593323119,0)	(0.0794830898546184,0)	(0.000805372099470236,-0)	(0.000922696909654176,-0)	(-0.000256158617874328,-0)	(0,-0)	(0,-0)	
(-0.00031167781426891,0)	(0.000805372099470236,0)	(0.0800626463060646,0)	(0.000126626519414441,-0)	(0.000306081768948234,-0)	(0,-0)	(0,-0)	
(-0.000105313888003664,0)	(0.000922696909654176,0)	(0.000126626519414441,0)	(0.0801415350754808,0)	(-0.000363835825707259,-0)	(0,-0)	(0,-0)	
(0.00103973090958278,0)	(-0.000256158617874328,0)	(0.000306081768948234,0)	(-0.000363835825707259,0)	(0.0792799571571269,0)	(0,-0)	(0,-0)	
(0,0)	(0,0)	(0,0)	(0,0)	(0,0)	(0.0791861202182329,0)	(2.58535359785534e-05,-0)	
(0,0)	(0,0)	(0,0)	(0,0)	(0,0)	(2.58535359785534e-05,0)	(0.0789652882659932,0)	
(0.0795772854596529,0)	(0.000541200593323119,-0)	(-0.00031167781426891,-0)	(-0.000105313888003664,-0)	(0.00103973090958278,-0)	(0,-0)	(0,-0)	
(0.000541200593323119,0)	(0.0794830898546184,0)	(0.000805372099470236,-0)	(0.000922696909654176,-0)	(-0.000256158617874328,-0)	(0,-0)	(0,-0)	
(-0.00031167781426891,0)	(0.000805372099470236,0)	(0.0800626463060646,0)	(0.000126626519414441,-0)	(0.000306081768948234,-0)	(0,-0)	(0,-0)	
(-0.000105313888003664,0)	(0.000922696909654176,0)	(0.000126626519414441,0)	(0.0801415350754808,0)	(-0.000363835825707259,-0)	(0,-0)	(0,-0)	
(0.00103973090958278,0)	(-0.000256158617874328,0)	(0.000306081768948234,0)	(-0.000363835825707259,0)	(0.0792799571571269,0)	(0,-0)	(0,-0)	
(0,0)	(0,0)	(0,0)	(0,0)	(0,0)	(0.0791861202182329,0)	(2.58535359785534e-05,-0)	
(0,0)	(0,0)	(0,0)	(0,0)	(0,0)	(2.58535359785534e-05,0)	(0.0789652882659932,0)	
+++ Below these two lines is a config file that is   +++
+++ functionally equivalent to that used in the fit. +++
### FIT CONFIGURATION ###
fit bin_31
reaction EtaPi gamma Proton Pi0 Eta
sum EtaPi::Positive
sum EtaPi::Negative
amplitude EtaPi::Negative::S0- TwoPSAngles 0 0 -1
amplitude EtaPi::Negative::P0- TwoPSAngles 1 0 -1
amplitude EtaPi::Negative::P1- TwoPSAngles 1 1 -1
amplitude EtaPi::Negative::D0- TwoPSAngles 2 0 -1
amplitude EtaPi::Negative::D1- TwoPSAngles 2 1 -1
amplitude EtaPi::Positive::P1+ TwoPSAngles 1 1 1
amplitude EtaPi::Positive::D1+ TwoPSAngles 2 1 1
scale EtaPi::Negative::S0- 1.0
scale EtaPi::Negative::P0- 1.0
scale EtaPi::Negative::P1- 1.0
scale EtaPi::Negative::D0- 1.0
scale EtaPi::Negative::D1- 1.0
scale EtaPi::Positive::P1+ 1.0
scale EtaPi::Positive::D1+ 1.0
initialize EtaPi::Negative::S0- cartesian 230.926069997 0 real
initialize EtaPi::Negative::P0- cartesian 58.7860861159 66.1135999465
initialize EtaPi::Negative::P1- cartesian 5.75034124307 79.2996523459
initialize EtaPi::Negative::D0- cartesian 305.873406396 51.1514816884
initialize EtaPi::Negative::D1- cartesian 2.06196122894 23.8558365384
initialize EtaPi::Positive::P1+ cartesian 26.2402344058 -24.8999617033
initialize EtaPi::Positive::D1+ cartesian 75.7370199736 0 real
data EtaPi ROOTDataReader data_pi0eta_tLT1_31.root
genmc EtaPi ROOTDataReader thrown_pi0eta_tLT1_31.root
accmc EtaPi ROOTDataReader reco_pi0eta_tLT1_31.root
normintfile EtaPi bin_31.ni
