
## CONFIGURATION INFO DISPLAY ##

############################################
#############   REACTION INFO  #############
############################################
      REACTION NAME:  EtaPi
      PARTICLE LIST:  4
		1.  gamma
		2.  Proton
		3.  Pi0
		4.  Eta
        DATA READER:  ROOTDataReader
				data_pi0eta_tLT1_5.root
      ACC MC READER:  ROOTDataReader
				reco_pi0eta_tLT1_5.root
      GEN MC READER:  ROOTDataReader
				thrown_pi0eta_tLT1_5.root
  NORMALIZATION INTEGRAL FILE: 
		    bin_5.ni
********************************************
***********  COHERENT SUM INFO  ************
********************************************
      REACTION NAME:  EtaPi
  COHERENT SUM NAME:  Positive
++++++++++++++++++++++++++++++++++++++++++++
+++++++++++++  AMPLITUDE INFO  +++++++++++++
++++++++++++++++++++++++++++++++++++++++++++
      REACTION NAME:  EtaPi
  COHERENT SUM NAME:  Positive
     AMPLITUDE NAME:  P1+
            FACTORS:  1
		1.   TwoPSAngles 1 1 1
       PERMUTATIONS:  0
        CONSTRAINTS:  0
         PARAMETERS:  0
      INITIAL VALUE:  (38.5445,-10.2858)
               REAL?  0
              FIXED?  0
              SCALE:  1.0
++++++++++++++++++++++++++++++++++++++++++++
+++++++++++++  AMPLITUDE INFO  +++++++++++++
++++++++++++++++++++++++++++++++++++++++++++
      REACTION NAME:  EtaPi
  COHERENT SUM NAME:  Positive
     AMPLITUDE NAME:  D1+
            FACTORS:  1
		1.   TwoPSAngles 2 1 1
       PERMUTATIONS:  0
        CONSTRAINTS:  0
         PARAMETERS:  0
      INITIAL VALUE:  (57.095,0)
               REAL?  1
              FIXED?  0
              SCALE:  1.0
********************************************
***********  COHERENT SUM INFO  ************
********************************************
      REACTION NAME:  EtaPi
  COHERENT SUM NAME:  Negative
++++++++++++++++++++++++++++++++++++++++++++
+++++++++++++  AMPLITUDE INFO  +++++++++++++
++++++++++++++++++++++++++++++++++++++++++++
      REACTION NAME:  EtaPi
  COHERENT SUM NAME:  Negative
     AMPLITUDE NAME:  S0-
            FACTORS:  1
		1.   TwoPSAngles 0 0 -1
       PERMUTATIONS:  0
        CONSTRAINTS:  0
         PARAMETERS:  0
      INITIAL VALUE:  (326.255,0)
               REAL?  1
              FIXED?  0
              SCALE:  1.0
++++++++++++++++++++++++++++++++++++++++++++
+++++++++++++  AMPLITUDE INFO  +++++++++++++
++++++++++++++++++++++++++++++++++++++++++++
      REACTION NAME:  EtaPi
  COHERENT SUM NAME:  Negative
     AMPLITUDE NAME:  P0-
            FACTORS:  1
		1.   TwoPSAngles 1 0 -1
       PERMUTATIONS:  0
        CONSTRAINTS:  0
         PARAMETERS:  0
      INITIAL VALUE:  (57.8639,42.495)
               REAL?  0
              FIXED?  0
              SCALE:  1.0
++++++++++++++++++++++++++++++++++++++++++++
+++++++++++++  AMPLITUDE INFO  +++++++++++++
++++++++++++++++++++++++++++++++++++++++++++
      REACTION NAME:  EtaPi
  COHERENT SUM NAME:  Negative
     AMPLITUDE NAME:  P1-
            FACTORS:  1
		1.   TwoPSAngles 1 1 -1
       PERMUTATIONS:  0
        CONSTRAINTS:  0
         PARAMETERS:  0
      INITIAL VALUE:  (-4.92862,53.8057)
               REAL?  0
              FIXED?  0
              SCALE:  1.0
++++++++++++++++++++++++++++++++++++++++++++
+++++++++++++  AMPLITUDE INFO  +++++++++++++
++++++++++++++++++++++++++++++++++++++++++++
      REACTION NAME:  EtaPi
  COHERENT SUM NAME:  Negative
     AMPLITUDE NAME:  D0-
            FACTORS:  1
		1.   TwoPSAngles 2 0 -1
       PERMUTATIONS:  0
        CONSTRAINTS:  0
         PARAMETERS:  0
      INITIAL VALUE:  (340.608,86.8325)
               REAL?  0
              FIXED?  0
              SCALE:  1.0
++++++++++++++++++++++++++++++++++++++++++++
+++++++++++++  AMPLITUDE INFO  +++++++++++++
++++++++++++++++++++++++++++++++++++++++++++
      REACTION NAME:  EtaPi
  COHERENT SUM NAME:  Negative
     AMPLITUDE NAME:  D1-
            FACTORS:  1
		1.   TwoPSAngles 2 1 -1
       PERMUTATIONS:  0
        CONSTRAINTS:  0
         PARAMETERS:  0
      INITIAL VALUE:  (15.3093,25.159)
               REAL?  0
              FIXED?  0
              SCALE:  1.0
 **********
 **    1 **SET STRATEGY  1
 **********
 NOW USING STRATEGY  1: TRY TO BALANCE SPEED AGAINST RELIABILITY
 **********
 **    2 **SET EPS  1e-13
 **********
 FLOATING-POINT NUMBERS ASSUMED ACCURATE TO 1e-13

## AMPLITUDE MANAGER INITIALIZATION ##
 Creating amplitude manager for reaction:  EtaPi
	 particle index assignment:  gamma -->> 0
	 particle index assignment:  Proton -->> 1
	 particle index assignment:  Pi0 -->> 2
	 particle index assignment:  Eta -->> 3
 PARAMETER DEFINITIONS:
    NO.   NAME                 VALUE      STEP SIZE      LIMITS
     1 EtaPi::Negative::S0-_re       326.26       3.2626     no limits
     2 EtaPi::Negative::P0-_re       57.864      0.57864     no limits
     3 EtaPi::Negative::P0-_im       42.495      0.42495     no limits
     4 EtaPi::Negative::P1-_re      -4.9286     0.049286     no limits
     5 EtaPi::Negative::P1-_im       53.806      0.53806     no limits
     6 EtaPi::Negative::D0-_re       340.61       3.4061     no limits
     7 EtaPi::Negative::D0-_im       86.833      0.86833     no limits
     8 EtaPi::Negative::D1-_re       15.309      0.15309     no limits
     9 EtaPi::Negative::D1-_im       25.159      0.25159     no limits
    10 EtaPi::Positive::P1+_re       38.545      0.38545     no limits
    11 EtaPi::Positive::P1+_im      -10.286      0.10286     no limits
    12 EtaPi::Positive::D1+_re       57.095      0.57095     no limits
Allocating Data and Amplitude Array in LikelihoodCalculator for EtaPi...
Resetting source kin in data_pi0eta_tLT1_5.root
	Done.
Loading acccepted Monte Carlo...
Resetting source kin in reco_pi0eta_tLT1_5.root
	Done.
Calculating integrals...
	Done.
LIKELIHOOD BEFORE MINIMIZATION:  10528
 **********
 **    3 **MIGRAD 5000
 **********
 FIRST CALL TO USER FUNCTION AT NEW START POINT, WITH IFLAG=4.
 START MIGRAD MINIMIZATION.  STRATEGY 1.  CONVERGENCE WHEN EDM .LT. 1.00e-04
 FCN=10519.4 FROM MIGRAD     STATUS=INITIATE       79          80 TOTAL

                     EDM= unknown      STRATEGY= 1      NO ERROR MATRIX       
  EXT PARAMETER                          CURRENT GUESS       STEP         FIRST   
  NO.   NAME                   VALUE          ERROR          SIZE      DERIVATIVE 
    1 EtaPi::Negative::S0-_re        326.26        3.2626             0        98.468
    2 EtaPi::Negative::P0-_re        57.864       0.57864             0        16.596
    3 EtaPi::Negative::P0-_im        42.495       0.42495             0         9.066
    4 EtaPi::Negative::P1-_re       -4.9286      0.049286             0        2.8644
    5 EtaPi::Negative::P1-_im        53.806       0.53806             0        15.143
    6 EtaPi::Negative::D0-_re        340.61        3.4061             0        104.86
    7 EtaPi::Negative::D0-_im        86.833       0.86833             0         15.49
    8 EtaPi::Negative::D1-_re        15.309       0.15309             0        7.9607
    9 EtaPi::Negative::D1-_im        25.159       0.25159             0         2.329
   10 EtaPi::Positive::P1+_re        38.545       0.38545             0        3.2508
   11 EtaPi::Positive::P1+_im       -28.784       0.10286       -18.498      0.062964
   12 EtaPi::Positive::D1+_re        57.095       0.57095             0        13.453

 MIGRAD FAILS TO FIND IMPROVEMENT
 MACHINE ACCURACY LIMITS FURTHER IMPROVEMENT.
 MIGRAD MINIMIZATION HAS CONVERGED.
 FCN=-21176.9 FROM MIGRAD     STATUS=CONVERGED    1089        1090 TOTAL

                     EDM=0.000929883    STRATEGY= 1  ERROR MATRIX UNCERTAINTY     3 per cent
  EXT PARAMETER                                              STEP         FIRST   
  NO.   NAME                   VALUE          ERROR          SIZE      DERIVATIVE 
    1 EtaPi::Negative::S0-_re       -137.62        3.7291            -0    0.00033712
    2 EtaPi::Negative::P0-_re       -3.9364        2.9466             0    0.00069649
    3 EtaPi::Negative::P0-_im       -11.574        7.8418             0    0.00069041
    4 EtaPi::Negative::P1-_re      -0.10248        2.1248             0     0.0015724
    5 EtaPi::Negative::P1-_im       -1.0422        11.892            -0    9.7147e-05
    6 EtaPi::Negative::D0-_re       -1.2591        2.4258             0    -0.0011314
    7 EtaPi::Negative::D0-_im        27.581        10.398             0    -0.0018765
    8 EtaPi::Negative::D1-_re        5.4826        2.0159             0    0.00073104
    9 EtaPi::Negative::D1-_im        13.582        8.9591            -0     -0.002385
   10 EtaPi::Positive::P1+_re         7.821        19.863            -0     0.0022948
   11 EtaPi::Positive::P1+_im       -24.865        10.575             0    -0.0008978
   12 EtaPi::Positive::D1+_re       -1.2419         18.06             0    -0.0013821

 EXTERNAL ERROR MATRIX.    NDIM= 100    NPAR= 12    ERR DEF=1
        13.9
       -2.42       8.68
       -6.56       15.1       61.5
      -0.833     -0.271        4.3       4.51
        5.34       10.6      0.911      -14.3        141
       -1.64      -1.48      -1.08       1.46      -4.39       5.88
        11.1      -3.34       22.4       8.87      -24.7       10.1        108
        1.15     -0.803      -1.89       0.12      -4.98      0.307       1.63       4.06
        6.55       5.23      -12.9      -7.59       57.4      -8.71      -54.7       2.59       80.3
          34      -9.28      -77.7      -21.2        101        -21      -99.6      -1.88       82.8        395
       -26.4      -1.49      -13.5       -2.8       10.3       12.6      -8.51      -2.75      -9.23        -89        112
       -12.4       32.3        115       12.4      -32.3      -6.98       15.2       1.71       13.4       -186      -40.1
         326
 PARAMETER  CORRELATION COEFFICIENTS  
       NO.  GLOBAL      1      2      3      4      5      6      7      8      9     10     11     12
      1:     0.912  1.000 -0.220 -0.224 -0.105  0.120 -0.181  0.285  0.152  0.196  0.459 -0.669 -0.184
      2:     0.781 -0.220  1.000  0.653 -0.043  0.304 -0.208 -0.109 -0.135  0.198 -0.159 -0.048  0.607
      3:     0.924 -0.224  0.653  1.000  0.258  0.010 -0.057  0.274 -0.120 -0.183 -0.499 -0.163  0.809
      4:     0.783 -0.105 -0.043  0.258  1.000 -0.566  0.284  0.401  0.028 -0.399 -0.503 -0.124  0.324
      5:     0.871  0.120  0.304  0.010 -0.566  1.000 -0.152 -0.200 -0.208  0.539  0.427  0.082 -0.150
      6:     0.745 -0.181 -0.208 -0.057  0.284 -0.152  1.000  0.400  0.063 -0.401 -0.437  0.490 -0.159
      7:     0.904  0.285 -0.109  0.274  0.401 -0.200  0.400  1.000  0.078 -0.587 -0.482 -0.077  0.081
      8:     0.565  0.152 -0.135 -0.120  0.028 -0.208  0.063  0.078  1.000  0.143 -0.047 -0.129  0.047
      9:     0.911  0.196  0.198 -0.183 -0.399  0.539 -0.401 -0.587  0.143  1.000  0.465 -0.097  0.083
     10:     0.946  0.459 -0.159 -0.499 -0.503  0.427 -0.437 -0.482 -0.047  0.465  1.000 -0.424 -0.518
     11:     0.940 -0.669 -0.048 -0.163 -0.124  0.082  0.490 -0.077 -0.129 -0.097 -0.424  1.000 -0.210
     12:     0.943 -0.184  0.607  0.809  0.324 -0.150 -0.159  0.081  0.047  0.083 -0.518 -0.210  1.000

 MIGRAD evaluation total wall time:  0.21811 s.
    average time per function call:  0.19992 ms.

LIKELIHOOD AFTER MINIMIZATION:  -21177
Loading generated Monte Carlo...
Resetting source kin in thrown_pi0eta_tLT1_5.root
	Done.
Calculating integrals...
	Done.
Loading acccepted Monte Carlo...
Resetting source kin in reco_pi0eta_tLT1_5.root
	Done.
Calculating integrals...
	Done.
