*** DO NOT EDIT THIS FILE - IT IS FORMATTED FOR INPUT ***
+++ Reactions, Amplitudes, and Scale Parameters +++
  1
  EtaPi	7
  EtaPi::Negative::S0-	-	1
  EtaPi::Negative::P0-	-	1
  EtaPi::Negative::P1-	-	1
  EtaPi::Negative::D0-	-	1
  EtaPi::Negative::D1-	-	1
  EtaPi::Positive::P1+	-	1
  EtaPi::Positive::D1+	-	1
+++ Likelihood Total and Partial Sums +++
  -21176.8686676895
  EtaPi	-21176.8686676895
+++ Fitter Information +++
  lastMinuitCommand	1
  lastMinuitCommandStatus	0
  eMatrixStatus	3
  minuitPrecision	1e-13
  minuitStrategy	1
  estDistToMinimum	0.000929882593733174
  bestMinimum	-21176.8686676895
+++ Parameter Values and Errors +++
  14
  EtaPi::Negative::S0-_re	-137.618138005798
  EtaPi::Negative::S0-_im	0
  EtaPi::Negative::P0-_re	-3.93636240921301
  EtaPi::Negative::P0-_im	-11.5736038592312
  EtaPi::Negative::P1-_re	-0.102480354362918
  EtaPi::Negative::P1-_im	-1.04223024122935
  EtaPi::Negative::D0-_re	-1.25909273813648
  EtaPi::Negative::D0-_im	27.5811615918387
  EtaPi::Negative::D1-_re	5.48260144939683
  EtaPi::Negative::D1-_im	13.5816103139401
  EtaPi::Positive::P1+_re	7.82097573581807
  EtaPi::Positive::P1+_im	-24.8645817554834
  EtaPi::Positive::D1+_re	-1.24189118356762
  EtaPi::Positive::D1+_im	0
  13.9061444073735	  0	  -2.4193534270727	  -6.56486731751144	  -0.833145873258011	  5.34033866225419	  -1.63612754061176	  11.0635431274808	  1.14599634230738	  6.5544985337356	  33.9978220124883	  -26.3956136335545	  -12.3946078438561	  0	
  0	  0	  0	  0	  0	  0	  0	  0	  0	  0	  0	  0	  0	  0	
  -2.4193534270727	  0	  8.68227909045889	  15.0861025251741	  -0.270628228198057	  10.6429999320733	  -1.4832799733348	  -3.33978014123758	  -0.803274137612057	  5.22857527785581	  -9.28326972599135	  -1.49063601056514	  32.2790899628144	  0	
  -6.56486731751144	  0	  15.0861025251741	  61.4945381055468	  4.29537498622803	  0.911407620369974	  -1.08383830247378	  22.3654907594956	  -1.89450144489989	  -12.8545775147053	  -77.6695305446836	  -13.5481006947955	  114.525527481673	  0	
  -0.833145873258011	  0	  -0.270628228198057	  4.29537498622803	  4.51498023918811	  -14.306873714157	  1.46481891720616	  8.86949166362986	  0.119921236340668	  -7.5873742392486	  -21.2385940433854	  -2.7972930203235	  12.4386965476392	  0	
  5.34033866225419	  0	  10.6429999320733	  0.911407620369974	  -14.306873714157	  141.430841055466	  -4.38953525839084	  -24.6835237739062	  -4.97638625873983	  57.4255313164147	  100.976930973829	  10.3079485085661	  -32.2725521950899	  0	
  -1.63612754061176	  0	  -1.4832799733348	  -1.08383830247378	  1.46481891720616	  -4.38953525839084	  5.88429325705678	  10.0960295460736	  0.307337574013702	  -8.70731371949441	  -21.0388853170601	  12.5673939900097	  -6.98189930602011	  0	
  11.0635431274808	  0	  -3.33978014123758	  22.3654907594956	  8.86949166362986	  -24.6835237739062	  10.0960295460736	  108.116519522116	  1.62725386925497	  -54.6515241209108	  -99.6454527752499	  -8.50599555088597	  15.1741420713522	  0	
  1.14599634230738	  0	  -0.803274137612057	  -1.89450144489989	  0.119921236340668	  -4.97638625873983	  0.307337574013702	  1.62725386925497	  4.06374293694751	  2.58821507651919	  -1.88426257901191	  -2.74834302913373	  1.70862881472979	  0	
  6.5544985337356	  0	  5.22857527785581	  -12.8545775147053	  -7.5873742392486	  57.4255313164147	  -8.70731371949441	  -54.6515241209108	  2.58821507651919	  80.2662647111092	  82.7543564427254	  -9.2297841490491	  13.4052460704861	  0	
  33.9978220124883	  0	  -9.28326972599135	  -77.6695305446836	  -21.2385940433854	  100.976930973829	  -21.0388853170601	  -99.6454527752499	  -1.88426257901191	  82.7543564427254	  394.525338053999	  -89.0068471072624	  -185.72571929681	  0	
  -26.3956136335545	  0	  -1.49063601056514	  -13.5481006947955	  -2.7972930203235	  10.3079485085661	  12.5673939900097	  -8.50599555088597	  -2.74834302913373	  -9.2297841490491	  -89.0068471072624	  111.8259765416	  -40.1272879014184	  0	
  -12.3946078438561	  0	  32.2790899628144	  114.525527481673	  12.4386965476392	  -32.2725521950899	  -6.98189930602011	  15.1741420713522	  1.70862881472979	  13.4052460704861	  -185.72571929681	  -40.1272879014184	  326.170489421908	  0	
  0	  0	  0	  0	  0	  0	  0	  0	  0	  0	  0	  0	  0	  0	
+++ Normalization Integrals +++
  EtaPi
8422	8422
7
EtaPi::Negative::S0-
EtaPi::Negative::P0-
EtaPi::Negative::P1-
EtaPi::Negative::D0-
EtaPi::Negative::D1-
EtaPi::Positive::P1+
EtaPi::Positive::D1+
(0.0795772854596528,0)	(-0.000852638556362068,-0)	(2.70883460708358e-05,-0)	(0.0011050898680911,-0)	(0.000956616999575299,-0)	(0,-0)	(0,-0)	
(-0.000852638556362068,0)	(0.0805657078861576,0)	(0.00074099234161081,-0)	(-0.00129429873620807,-0)	(-0.000246023563357883,-0)	(0,-0)	(0,-0)	
(2.70883460708358e-05,0)	(0.00074099234161081,0)	(0.07948848479101,0)	(-0.000243348347403715,-0)	(-6.75860486890533e-05,-0)	(0,-0)	(0,-0)	
(0.0011050898680911,0)	(-0.00129429873620807,0)	(-0.000243348347403715,0)	(0.0805479300460267,0)	(0.000845691131561656,-0)	(0,-0)	(0,-0)	
(0.000956616999575299,0)	(-0.000246023563357883,0)	(-6.75860486890533e-05,0)	(0.000845691131561656,0)	(0.0800421944490752,0)	(0,-0)	(0,-0)	
(0,0)	(0,0)	(0,0)	(0,0)	(0,0)	(0.0786776637017477,0)	(-0.000639389789870961,-0)	
(0,0)	(0,0)	(0,0)	(0,0)	(0,0)	(-0.000639389789870961,0)	(0.0794655543992162,0)	
(0.0795772854596528,0)	(-0.000852638556362068,-0)	(2.70883460708358e-05,-0)	(0.0011050898680911,-0)	(0.000956616999575299,-0)	(0,-0)	(0,-0)	
(-0.000852638556362068,0)	(0.0805657078861576,0)	(0.00074099234161081,-0)	(-0.00129429873620807,-0)	(-0.000246023563357883,-0)	(0,-0)	(0,-0)	
(2.70883460708358e-05,0)	(0.00074099234161081,0)	(0.07948848479101,0)	(-0.000243348347403715,-0)	(-6.75860486890533e-05,-0)	(0,-0)	(0,-0)	
(0.0011050898680911,0)	(-0.00129429873620807,0)	(-0.000243348347403715,0)	(0.0805479300460267,0)	(0.000845691131561656,-0)	(0,-0)	(0,-0)	
(0.000956616999575299,0)	(-0.000246023563357883,0)	(-6.75860486890533e-05,0)	(0.000845691131561656,0)	(0.0800421944490752,0)	(0,-0)	(0,-0)	
(0,0)	(0,0)	(0,0)	(0,0)	(0,0)	(0.0786776637017477,0)	(-0.000639389789870961,-0)	
(0,0)	(0,0)	(0,0)	(0,0)	(0,0)	(-0.000639389789870961,0)	(0.0794655543992162,0)	
+++ Below these two lines is a config file that is   +++
+++ functionally equivalent to that used in the fit. +++
### FIT CONFIGURATION ###
fit bin_5
reaction EtaPi gamma Proton Pi0 Eta
sum EtaPi::Positive
sum EtaPi::Negative
amplitude EtaPi::Negative::S0- TwoPSAngles 0 0 -1
amplitude EtaPi::Negative::P0- TwoPSAngles 1 0 -1
amplitude EtaPi::Negative::P1- TwoPSAngles 1 1 -1
amplitude EtaPi::Negative::D0- TwoPSAngles 2 0 -1
amplitude EtaPi::Negative::D1- TwoPSAngles 2 1 -1
amplitude EtaPi::Positive::P1+ TwoPSAngles 1 1 1
amplitude EtaPi::Positive::D1+ TwoPSAngles 2 1 1
scale EtaPi::Negative::S0- 1.0
scale EtaPi::Negative::P0- 1.0
scale EtaPi::Negative::P1- 1.0
scale EtaPi::Negative::D0- 1.0
scale EtaPi::Negative::D1- 1.0
scale EtaPi::Positive::P1+ 1.0
scale EtaPi::Positive::D1+ 1.0
initialize EtaPi::Negative::S0- cartesian 326.255432767 0 real
initialize EtaPi::Negative::P0- cartesian 57.8639431519 42.4949828484
initialize EtaPi::Negative::P1- cartesian -4.92862396069 53.8056869546
initialize EtaPi::Negative::D0- cartesian 340.607595858 86.8325265298
initialize EtaPi::Negative::D1- cartesian 15.309336031 25.1590078474
initialize EtaPi::Positive::P1+ cartesian 38.5445035437 -10.2858407492
initialize EtaPi::Positive::D1+ cartesian 57.0950102848 0 real
data EtaPi ROOTDataReader data_pi0eta_tLT1_5.root
genmc EtaPi ROOTDataReader thrown_pi0eta_tLT1_5.root
accmc EtaPi ROOTDataReader reco_pi0eta_tLT1_5.root
normintfile EtaPi bin_5.ni
