*** DO NOT EDIT THIS FILE - IT IS FORMATTED FOR INPUT ***
+++ Reactions, Amplitudes, and Scale Parameters +++
  1
  EtaPi	7
  EtaPi::Negative::S0-	-	1
  EtaPi::Negative::P0-	-	1
  EtaPi::Negative::P1-	-	1
  EtaPi::Negative::D0-	-	1
  EtaPi::Negative::D1-	-	1
  EtaPi::Positive::P1+	-	1
  EtaPi::Positive::D1+	-	1
+++ Likelihood Total and Partial Sums +++
  -797.459087128125
  EtaPi	-797.459087128125
+++ Fitter Information +++
  lastMinuitCommand	1
  lastMinuitCommandStatus	0
  eMatrixStatus	3
  minuitPrecision	1e-13
  minuitStrategy	1
  estDistToMinimum	4.01133956512366e-06
  bestMinimum	-797.459087128125
+++ Parameter Values and Errors +++
  14
  EtaPi::Negative::S0-_re	3.34648377377147
  EtaPi::Negative::S0-_im	0
  EtaPi::Negative::P0-_re	1.52524729011476
  EtaPi::Negative::P0-_im	1.00105169623891
  EtaPi::Negative::P1-_re	8.23401549409782
  EtaPi::Negative::P1-_im	-1.06080901250875
  EtaPi::Negative::D0-_re	12.1443290604335
  EtaPi::Negative::D0-_im	30.9859097532635
  EtaPi::Negative::D1-_re	-3.62349011229711
  EtaPi::Negative::D1-_im	-3.18447958952407
  EtaPi::Positive::P1+_re	-4.13346424245454
  EtaPi::Positive::P1+_im	-0.000935914134482341
  EtaPi::Positive::D1+_re	3.60798649972573
  EtaPi::Positive::D1+_im	0
  16.8835276502095	  0	  -2.0801834193643	  2.4425465568782	  4.66369381113478	  13.3320796148466	  -40.2834618214139	  15.9687623649868	  4.91665700762853	  -7.64021559983877	  -0.596734855220847	  -0.55282641051087	  -1.38383206355386	  0	
  0	  0	  0	  0	  0	  0	  0	  0	  0	  0	  0	  0	  0	  0	
  -2.0801834193643	  0	  24.2296879594308	  -13.8601664900905	  6.36311879678468	  -14.9062314881544	  45.0548152265093	  -22.541360315423	  -0.760113426229273	  4.74490872082443	  -5.28738516983267	  1.17875243734077	  3.8832758209414	  0	
  2.4425465568782	  0	  -13.8601664900905	  14.6082625778527	  -3.54184894988239	  14.628772172978	  -47.3164963391	  22.0530415133145	  2.59827075741286	  -5.9223573816799	  4.55953574212631	  -1.32674970008502	  -3.55145174303963	  0	
  4.66369381113478	  0	  6.36311879678468	  -3.54184894988239	  17.8240364625707	  -10.4474783993568	  18.2040190796889	  -12.0545367996337	  0.926032692451741	  1.56366707022149	  -2.1807454872058	  -0.686375218834786	  1.10270394182253	  0	
  13.3320796148466	  0	  -14.9062314881544	  14.628772172978	  -10.4474783993568	  71.0783588148855	  -204.153980403986	  91.5562705088486	  22.3071934611937	  -28.5585965309271	  8.33598099708504	  0.157336477432248	  -5.43172828006177	  0	
  -40.2834618214139	  0	  45.0548152265093	  -47.3164963391	  18.2040190796889	  -204.153980403986	  648.293348136705	  -282.861479902502	  -70.2809012658198	  88.2266118487477	  -28.5238533524902	  1.09974771439761	  17.7606569984892	  0	
  15.9687623649868	  0	  -22.541360315423	  22.0530415133145	  -12.0545367996337	  91.5562705088486	  -282.861479902502	  128.891162677907	  29.8458685284674	  -38.049312793676	  15.4876129707352	  -0.20268137601965	  -9.88924988357632	  0	
  4.91665700762853	  0	  -0.760113426229273	  2.59827075741286	  0.926032692451741	  22.3071934611937	  -70.2809012658198	  29.8458685284674	  17.1162547649529	  -13.4759634688406	  1.80769930382485	  -0.618232714488159	  -0.313124724190302	  0	
  -7.64021559983877	  0	  4.74490872082443	  -5.9223573816799	  1.56366707022149	  -28.5585965309271	  88.2266118487477	  -38.049312793676	  -13.4759634688406	  18.7526458026842	  -3.09299145923789	  0.375270635818051	  1.80470457109254	  0	
  -0.596734855220847	  0	  -5.28738516983267	  4.55953574212631	  -2.1807454872058	  8.33598099708504	  -28.5238533524902	  15.4876129707352	  1.80769930382485	  -3.09299145923789	  17.644349699821	  -0.0827544862693387	  -2.38884887037617	  0	
  -0.55282641051087	  0	  1.17875243734077	  -1.32674970008502	  -0.686375218834786	  0.157336477432248	  1.09974771439761	  -0.20268137601965	  -0.618232714488159	  0.375270635818051	  -0.0827544862693387	  34.147362505983	  0.536462880761064	  0	
  -1.38383206355386	  0	  3.8832758209414	  -3.55145174303963	  1.10270394182253	  -5.43172828006177	  17.7606569984892	  -9.88924988357632	  -0.313124724190302	  1.80470457109254	  -2.38884887037617	  0.536462880761064	  15.214350243482	  0	
  0	  0	  0	  0	  0	  0	  0	  0	  0	  0	  0	  0	  0	  0	
+++ Normalization Integrals +++
  EtaPi
9291	9291
7
EtaPi::Negative::S0-
EtaPi::Negative::P0-
EtaPi::Negative::P1-
EtaPi::Negative::D0-
EtaPi::Negative::D1-
EtaPi::Positive::P1+
EtaPi::Positive::D1+
(0.0795772854596538,0)	(-0.00139534433864868,-0)	(0.00067540579957586,-0)	(-0.000972379566190948,-0)	(0.000201525041332111,-0)	(0,-0)	(0,-0)	
(-0.00139534433864868,0)	(0.0787075627356645,0)	(0.000156100625784608,-0)	(-0.00135858023537977,-0)	(0.000284029961631585,-0)	(0,-0)	(0,-0)	
(0.00067540579957586,0)	(0.000156100625784608,0)	(0.0789437730629498,0)	(-0.000509149477915739,-0)	(-0.000908382892660882,-0)	(0,-0)	(0,-0)	
(-0.000972379566190948,0)	(-0.00135858023537977,0)	(-0.000509149477915739,0)	(0.0796840920096099,0)	(-0.000320609982049354,-0)	(0,-0)	(0,-0)	
(0.000201525041332111,0)	(0.000284029961631585,0)	(-0.000908382892660882,0)	(-0.000320609982049354,0)	(0.0781894281696333,0)	(0,-0)	(0,-0)	
(0,0)	(0,0)	(0,0)	(0,0)	(0,0)	(0.0810805205803009,0)	(-0.00112562736865544,-0)	
(0,0)	(0,0)	(0,0)	(0,0)	(0,0)	(-0.00112562736865544,0)	(0.0793731961430585,0)	
(0.0795772854596538,0)	(-0.00139534433864868,-0)	(0.00067540579957586,-0)	(-0.000972379566190948,-0)	(0.000201525041332111,-0)	(0,-0)	(0,-0)	
(-0.00139534433864868,0)	(0.0787075627356645,0)	(0.000156100625784608,-0)	(-0.00135858023537977,-0)	(0.000284029961631585,-0)	(0,-0)	(0,-0)	
(0.00067540579957586,0)	(0.000156100625784608,0)	(0.0789437730629498,0)	(-0.000509149477915739,-0)	(-0.000908382892660882,-0)	(0,-0)	(0,-0)	
(-0.000972379566190948,0)	(-0.00135858023537977,0)	(-0.000509149477915739,0)	(0.0796840920096099,0)	(-0.000320609982049354,-0)	(0,-0)	(0,-0)	
(0.000201525041332111,0)	(0.000284029961631585,0)	(-0.000908382892660882,0)	(-0.000320609982049354,0)	(0.0781894281696333,0)	(0,-0)	(0,-0)	
(0,0)	(0,0)	(0,0)	(0,0)	(0,0)	(0.0810805205803009,0)	(-0.00112562736865544,-0)	
(0,0)	(0,0)	(0,0)	(0,0)	(0,0)	(-0.00112562736865544,0)	(0.0793731961430585,0)	
+++ Below these two lines is a config file that is   +++
+++ functionally equivalent to that used in the fit. +++
### FIT CONFIGURATION ###
fit bin_64
reaction EtaPi gamma Proton Pi0 Eta
sum EtaPi::Positive
sum EtaPi::Negative
amplitude EtaPi::Negative::S0- TwoPSAngles 0 0 -1
amplitude EtaPi::Negative::P0- TwoPSAngles 1 0 -1
amplitude EtaPi::Negative::P1- TwoPSAngles 1 1 -1
amplitude EtaPi::Negative::D0- TwoPSAngles 2 0 -1
amplitude EtaPi::Negative::D1- TwoPSAngles 2 1 -1
amplitude EtaPi::Positive::P1+ TwoPSAngles 1 1 1
amplitude EtaPi::Positive::D1+ TwoPSAngles 2 1 1
scale EtaPi::Negative::S0- 1.0
scale EtaPi::Negative::P0- 1.0
scale EtaPi::Negative::P1- 1.0
scale EtaPi::Negative::D0- 1.0
scale EtaPi::Negative::D1- 1.0
scale EtaPi::Positive::P1+ 1.0
scale EtaPi::Positive::D1+ 1.0
initialize EtaPi::Negative::S0- cartesian 122.507522281 0 real
initialize EtaPi::Negative::P0- cartesian 66.9160427472 25.4533119081
initialize EtaPi::Negative::P1- cartesian 29.4923610838 5.82012467054
initialize EtaPi::Negative::D0- cartesian 161.85358651 58.4536101546
initialize EtaPi::Negative::D1- cartesian -5.8291432009 23.1215715194
initialize EtaPi::Positive::P1+ cartesian 44.0615218514 -18.3036927692
initialize EtaPi::Positive::D1+ cartesian 96.920118029 0 real
data EtaPi ROOTDataReader data_pi0eta_tLT1_64.root
genmc EtaPi ROOTDataReader thrown_pi0eta_tLT1_64.root
accmc EtaPi ROOTDataReader reco_pi0eta_tLT1_64.root
normintfile EtaPi bin_64.ni
