*** DO NOT EDIT THIS FILE - IT IS FORMATTED FOR INPUT ***
+++ Reactions, Amplitudes, and Scale Parameters +++
  1
  EtaPi	7
  EtaPi::Negative::S0-	-	1
  EtaPi::Negative::P0-	-	1
  EtaPi::Negative::P1-	-	1
  EtaPi::Negative::D0-	-	1
  EtaPi::Negative::D1-	-	1
  EtaPi::Positive::P1+	-	1
  EtaPi::Positive::D1+	-	1
+++ Likelihood Total and Partial Sums +++
  -2098.35589714765
  EtaPi	-2098.35589714765
+++ Fitter Information +++
  lastMinuitCommand	1
  lastMinuitCommandStatus	0
  eMatrixStatus	3
  minuitPrecision	1e-13
  minuitStrategy	1
  estDistToMinimum	7.24095649941833e-06
  bestMinimum	-2098.35589714765
+++ Parameter Values and Errors +++
  14
  EtaPi::Negative::S0-_re	-2.65066695772179
  EtaPi::Negative::S0-_im	0
  EtaPi::Negative::P0-_re	6.72670021600041
  EtaPi::Negative::P0-_im	-7.53668011350042
  EtaPi::Negative::P1-_re	-4.21608681535103
  EtaPi::Negative::P1-_im	5.99158744285277
  EtaPi::Negative::D0-_re	42.0199593304664
  EtaPi::Negative::D0-_im	25.9011820738137
  EtaPi::Negative::D1-_re	-0.145426606767354
  EtaPi::Negative::D1-_im	-1.15034375145641
  EtaPi::Positive::P1+_re	1.57921679107223
  EtaPi::Positive::P1+_im	-8.70797509655488
  EtaPi::Positive::D1+_re	8.68941487259958
  EtaPi::Positive::D1+_im	0
  19.9277019536274	  0	  -18.5625316286956	  6.42060290576863	  -0.827120945336544	  16.7470743899926	  25.47490378241	  -46.8912831705641	  1.20661283470779	  -5.02136720394127	  -2.57765682191031	  -53.8412586394396	  -24.2109781677785	  0	
  0	  0	  0	  0	  0	  0	  0	  0	  0	  0	  0	  0	  0	  0	
  -18.5625316286956	  0	  86.6052689217134	  7.04530454864263	  -24.5103946455363	  -54.5984092519785	  -187.954613878178	  300.356071572674	  5.33832276467197	  3.09517546578585	  26.392750987521	  2.37536219141085	  -26.0294092611425	  0	
  6.42060290576863	  0	  7.04530454864263	  110.045503374357	  -54.5191653036995	  4.60355611788746	  -155.533071220833	  259.663418325514	  4.85619868945326	  1.84737038138511	  -9.37449176784619	  -17.4080112271738	  22.709394077175	  0	
  -0.827120945336544	  0	  -24.5103946455363	  -54.5191653036995	  43.9436315681138	  0.515443137102294	  129.011531259063	  -208.203188488513	  -2.55866527130628	  -5.06983682984617	  -4.16522145128542	  15.0305246659952	  2.57361699981391	  0	
  16.7470743899926	  0	  -54.5984092519785	  4.60355611788746	  0.515443137102294	  60.215294277073	  105.033035006288	  -173.140511536097	  -5.13007178065153	  5.5165612028053	  -14.1706099810074	  -13.2194256968082	  10.3086987452568	  0	
  25.47490378241	  0	  -187.954613878178	  -155.533071220833	  129.011531259063	  105.033035006288	  621.38049543469	  -997.276345463163	  -16.1713582334516	  -8.90492279382976	  -43.923562335473	  44.3510633836943	  40.8255274703324	  0	
  -46.8912831705641	  0	  300.356071572674	  259.663418325514	  -208.203188488513	  -173.140511536097	  -997.276345463163	  1620.0127335011	  26.3906834947539	  13.6142688404011	  66.9056804263134	  -38.0772643576747	  -46.0231252915484	  0	
  1.20661283470779	  0	  5.33832276467197	  4.85619868945326	  -2.55866527130628	  -5.13007178065153	  -16.1713582334516	  26.3906834947539	  7.90027418410091	  -5.21597017576859	  5.09731815613248	  -7.80419724734279	  -6.86915223881644	  0	
  -5.02136720394127	  0	  3.09517546578585	  1.84737038138511	  -5.06983682984617	  5.5165612028053	  -8.90492279382976	  13.6142688404011	  -5.21597017576859	  18.7926174693054	  -3.93944082320609	  15.150434754848	  11.8087022462881	  0	
  -2.57765682191031	  0	  26.392750987521	  -9.37449176784619	  -4.16522145128542	  -14.1706099810074	  -43.923562335473	  66.9056804263134	  5.09731815613248	  -3.93944082320609	  46.090020062463	  -18.8558701751806	  -35.0574658369092	  0	
  -53.8412586394396	  0	  2.37536219141085	  -17.4080112271738	  15.0305246659952	  -13.2194256968082	  44.3510633836943	  -38.0772643576747	  -7.80419724734279	  15.150434754848	  -18.8558701751806	  300.428486256165	  181.700532517637	  0	
  -24.2109781677785	  0	  -26.0294092611425	  22.709394077175	  2.57361699981391	  10.3086987452568	  40.8255274703324	  -46.0231252915484	  -6.86915223881644	  11.8087022462881	  -35.0574658369092	  181.700532517637	  156.942171106684	  0	
  0	  0	  0	  0	  0	  0	  0	  0	  0	  0	  0	  0	  0	  0	
+++ Normalization Integrals +++
  EtaPi
8821	8821
7
EtaPi::Negative::S0-
EtaPi::Negative::P0-
EtaPi::Negative::P1-
EtaPi::Negative::D0-
EtaPi::Negative::D1-
EtaPi::Positive::P1+
EtaPi::Positive::D1+
(0.0795772854596533,0)	(-0.000940067122794127,-0)	(0.00066253569884115,-0)	(0.00101537336588711,-0)	(-9.3615736443258e-06,-0)	(0,-0)	(0,-0)	
(-0.000940067122794127,0)	(0.0804854630071049,0)	(-7.25144376375186e-06,-0)	(-0.000864345361852744,-0)	(5.09950556373502e-05,-0)	(0,-0)	(0,-0)	
(0.00066253569884115,0)	(-7.25144376375186e-06,0)	(0.0791297550983544,0)	(-0.000696574416415221,-0)	(-0.000102822601884561,-0)	(0,-0)	(0,-0)	
(0.00101537336588711,0)	(-0.000864345361852744,0)	(-0.000696574416415221,0)	(0.0800139486460988,0)	(-0.00029229805219831,-0)	(0,-0)	(0,-0)	
(-9.3615736443258e-06,0)	(5.09950556373502e-05,0)	(-0.000102822601884561,0)	(-0.00029229805219831,0)	(0.0802540688568493,0)	(0,-0)	(0,-0)	
(0,0)	(0,0)	(0,0)	(0,0)	(0,0)	(0.0791166382734558,0)	(-0.00132636021737099,-0)	
(0,0)	(0,0)	(0,0)	(0,0)	(0,0)	(-0.00132636021737099,0)	(0.0798319137262579,0)	
(0.0795772854596533,0)	(-0.000940067122794127,-0)	(0.00066253569884115,-0)	(0.00101537336588711,-0)	(-9.3615736443258e-06,-0)	(0,-0)	(0,-0)	
(-0.000940067122794127,0)	(0.0804854630071049,0)	(-7.25144376375186e-06,-0)	(-0.000864345361852744,-0)	(5.09950556373502e-05,-0)	(0,-0)	(0,-0)	
(0.00066253569884115,0)	(-7.25144376375186e-06,0)	(0.0791297550983544,0)	(-0.000696574416415221,-0)	(-0.000102822601884561,-0)	(0,-0)	(0,-0)	
(0.00101537336588711,0)	(-0.000864345361852744,0)	(-0.000696574416415221,0)	(0.0800139486460988,0)	(-0.00029229805219831,-0)	(0,-0)	(0,-0)	
(-9.3615736443258e-06,0)	(5.09950556373502e-05,0)	(-0.000102822601884561,0)	(-0.00029229805219831,0)	(0.0802540688568493,0)	(0,-0)	(0,-0)	
(0,0)	(0,0)	(0,0)	(0,0)	(0,0)	(0.0791166382734558,0)	(-0.00132636021737099,-0)	
(0,0)	(0,0)	(0,0)	(0,0)	(0,0)	(-0.00132636021737099,0)	(0.0798319137262579,0)	
+++ Below these two lines is a config file that is   +++
+++ functionally equivalent to that used in the fit. +++
### FIT CONFIGURATION ###
fit bin_53
reaction EtaPi gamma Proton Pi0 Eta
sum EtaPi::Positive
sum EtaPi::Negative
amplitude EtaPi::Negative::S0- TwoPSAngles 0 0 -1
amplitude EtaPi::Negative::P0- TwoPSAngles 1 0 -1
amplitude EtaPi::Negative::P1- TwoPSAngles 1 1 -1
amplitude EtaPi::Negative::D0- TwoPSAngles 2 0 -1
amplitude EtaPi::Negative::D1- TwoPSAngles 2 1 -1
amplitude EtaPi::Positive::P1+ TwoPSAngles 1 1 1
amplitude EtaPi::Positive::D1+ TwoPSAngles 2 1 1
scale EtaPi::Negative::S0- 1.0
scale EtaPi::Negative::P0- 1.0
scale EtaPi::Negative::P1- 1.0
scale EtaPi::Negative::D0- 1.0
scale EtaPi::Negative::D1- 1.0
scale EtaPi::Positive::P1+ 1.0
scale EtaPi::Positive::D1+ 1.0
initialize EtaPi::Negative::S0- cartesian 143.185687973 0 real
initialize EtaPi::Negative::P0- cartesian 48.8170460279 9.40191812035
initialize EtaPi::Negative::P1- cartesian 25.2112852248 31.2858827595
initialize EtaPi::Negative::D0- cartesian 192.138006159 6.2312074962
initialize EtaPi::Negative::D1- cartesian 9.09946992323 3.78409623186
initialize EtaPi::Positive::P1+ cartesian 21.7995783433 -24.2769552889
initialize EtaPi::Positive::D1+ cartesian 50.8820770112 0 real
data EtaPi ROOTDataReader data_pi0eta_tLT1_53.root
genmc EtaPi ROOTDataReader thrown_pi0eta_tLT1_53.root
accmc EtaPi ROOTDataReader reco_pi0eta_tLT1_53.root
normintfile EtaPi bin_53.ni
