*** DO NOT EDIT THIS FILE - IT IS FORMATTED FOR INPUT ***
+++ Reactions, Amplitudes, and Scale Parameters +++
  1
  EtaPi	7
  EtaPi::Negative::S0-	-	1
  EtaPi::Negative::P0-	-	1
  EtaPi::Negative::P1-	-	1
  EtaPi::Negative::D0-	-	1
  EtaPi::Negative::D1-	-	1
  EtaPi::Positive::P1+	-	1
  EtaPi::Positive::D1+	-	1
+++ Likelihood Total and Partial Sums +++
  -1692.11053266854
  EtaPi	-1692.11053266854
+++ Fitter Information +++
  lastMinuitCommand	1
  lastMinuitCommandStatus	0
  eMatrixStatus	3
  minuitPrecision	1e-13
  minuitStrategy	1
  estDistToMinimum	4.44379395975095e-06
  bestMinimum	-1692.11053266854
+++ Parameter Values and Errors +++
  14
  EtaPi::Negative::S0-_re	20.5300123892021
  EtaPi::Negative::S0-_im	0
  EtaPi::Negative::P0-_re	2.58799312743354
  EtaPi::Negative::P0-_im	1.04753661799085
  EtaPi::Negative::P1-_re	1.27635087728857
  EtaPi::Negative::P1-_im	-2.43941456509778
  EtaPi::Negative::D0-_re	6.0253025723395
  EtaPi::Negative::D0-_im	42.9199782188489
  EtaPi::Negative::D1-_re	-1.73771453761816
  EtaPi::Negative::D1-_im	1.72237104456675
  EtaPi::Positive::P1+_re	0.00674276049044285
  EtaPi::Positive::P1+_im	0.00359891245893919
  EtaPi::Positive::D1+_re	0.00859479607054556
  EtaPi::Positive::D1+_im	0
  14.6512657386555	  0	  -0.32435752117913	  -0.966811678732629	  -1.1624761206364	  0.237811133885487	  0.365643437489108	  -5.28419642879219	  1.98692951344382	  -1.71241169306367	  -1.95681610119434	  -2.06923722724732	  -1.27378199745467	  0	
  0	  0	  0	  0	  0	  0	  0	  0	  0	  0	  0	  0	  0	  0	
  -0.32435752117913	  0	  12.2817279230595	  -4.87247153182403	  1.89787391118323	  0.126737744831806	  -1.42150730563036	  -0.176938422704982	  -1.69559003483038	  0.761364783488398	  0.29389889484855	  0.371311035707422	  0.0293378807890491	  0	
  -0.966811678732629	  0	  -4.87247153182403	  7.13058086744288	  -1.26721462117414	  -0.575231241147755	  -0.204818522793783	  0.690743357845375	  0.487311828803525	  0.291736221797611	  -0.291435670596995	  -0.326304602814136	  -0.0427588002766431	  0	
  -1.1624761206364	  0	  1.89787391118323	  -1.26721462117414	  10.7467080540963	  1.99444124983664	  -0.941941843534173	  0.441320088370825	  0.0247220555487753	  0.356025814079289	  -0.145251023872629	  -0.140228587984871	  -0.169429113851177	  0	
  0.237811133885487	  0	  0.126737744831806	  -0.575231241147755	  1.99444124983664	  5.13469700367611	  -0.125939796692581	  -0.0463940121009663	  0.312610976346671	  -0.195987917374188	  -0.166991636363106	  -0.177295269656072	  -0.104774035560636	  0	
  0.365643437489108	  0	  -1.42150730563036	  -0.204818522793783	  -0.941941843534173	  -0.125939796692581	  21.6195383254749	  -2.67006545733856	  0.901926213499176	  -0.550433137520009	  1.79038897730957	  1.76351843011764	  -0.147752691417976	  0	
  -5.28419642879219	  0	  -0.176938422704982	  0.690743357845375	  0.441320088370825	  -0.0463940121009663	  -2.67006545733856	  6.00170993026514	  -0.70727560455504	  0.427791675026572	  -0.31467957769062	  -0.292621680999077	  0.239016258400181	  0	
  1.98692951344382	  0	  -1.69559003483038	  0.487311828803525	  0.0247220555487753	  0.312610976346671	  0.901926213499176	  -0.70727560455504	  7.6028231687875	  -2.99231365924392	  -0.590009347079628	  -0.612354507500294	  -0.287189156636299	  0	
  -1.71241169306367	  0	  0.761364783488398	  0.291736221797611	  0.356025814079289	  -0.195987917374188	  -0.550433137520009	  0.427791675026572	  -2.99231365924392	  7.75938091980423	  0.542143932818927	  0.559733519706211	  0.181693273932748	  0	
  -1.95681610119434	  0	  0.29389889484855	  -0.291435670596995	  -0.145251023872629	  -0.166991636363106	  1.79038897730957	  -0.31467957769062	  -0.590009347079628	  0.542143932818927	  151.372416898358	  -0.1878595877515	  -9.49176422301452	  0	
  -2.06923722724732	  0	  0.371311035707422	  -0.326304602814136	  -0.140228587984871	  -0.177295269656072	  1.76351843011764	  -0.292621680999077	  -0.612354507500294	  0.559733519706211	  -0.1878595877515	  150.345197782987	  -0.0670945592893421	  0	
  -1.27378199745467	  0	  0.0293378807890491	  -0.0427588002766431	  -0.169429113851177	  -0.104774035560636	  -0.147752691417976	  0.239016258400181	  -0.287189156636299	  0.181693273932748	  -9.49176422301452	  -0.0670945592893421	  88.3699414570282	  0	
  0	  0	  0	  0	  0	  0	  0	  0	  0	  0	  0	  0	  0	  0	
+++ Normalization Integrals +++
  EtaPi
9081	9081
7
EtaPi::Negative::S0-
EtaPi::Negative::P0-
EtaPi::Negative::P1-
EtaPi::Negative::D0-
EtaPi::Negative::D1-
EtaPi::Positive::P1+
EtaPi::Positive::D1+
(0.0795772854596536,0)	(-0.000875880669201932,-0)	(7.61242177335134e-05,-0)	(0.000230030649270916,-0)	(0.00140230830138362,-0)	(0,-0)	(0,-0)	
(-0.000875880669201932,0)	(0.0797830311271098,0)	(0.00108622333950143,-0)	(-4.79014648995823e-05,-0)	(0.000633999258074858,-0)	(0,-0)	(0,-0)	
(7.61242177335134e-05,0)	(0.00108622333950143,0)	(0.0794061181556971,0)	(0.00046395000068025,-0)	(-0.00110385108198728,-0)	(0,-0)	(0,-0)	
(0.000230030649270916,0)	(-4.79014648995823e-05,0)	(0.00046395000068025,0)	(0.0792364856945089,0)	(0.00111193267769631,-0)	(0,-0)	(0,-0)	
(0.00140230830138362,0)	(0.000633999258074858,0)	(-0.00110385108198728,0)	(0.00111193267769631,0)	(0.0795801543248515,0)	(0,-0)	(0,-0)	
(0,0)	(0,0)	(0,0)	(0,0)	(0,0)	(0.0795427070961078,0)	(-0.00110235123409342,-0)	
(0,0)	(0,0)	(0,0)	(0,0)	(0,0)	(-0.00110235123409342,0)	(0.0803717257270505,0)	
(0.0795772854596536,0)	(-0.000875880669201932,-0)	(7.61242177335134e-05,-0)	(0.000230030649270916,-0)	(0.00140230830138362,-0)	(0,-0)	(0,-0)	
(-0.000875880669201932,0)	(0.0797830311271098,0)	(0.00108622333950143,-0)	(-4.79014648995823e-05,-0)	(0.000633999258074858,-0)	(0,-0)	(0,-0)	
(7.61242177335134e-05,0)	(0.00108622333950143,0)	(0.0794061181556971,0)	(0.00046395000068025,-0)	(-0.00110385108198728,-0)	(0,-0)	(0,-0)	
(0.000230030649270916,0)	(-4.79014648995823e-05,0)	(0.00046395000068025,0)	(0.0792364856945089,0)	(0.00111193267769631,-0)	(0,-0)	(0,-0)	
(0.00140230830138362,0)	(0.000633999258074858,0)	(-0.00110385108198728,0)	(0.00111193267769631,0)	(0.0795801543248515,0)	(0,-0)	(0,-0)	
(0,0)	(0,0)	(0,0)	(0,0)	(0,0)	(0.0795427070961078,0)	(-0.00110235123409342,-0)	
(0,0)	(0,0)	(0,0)	(0,0)	(0,0)	(-0.00110235123409342,0)	(0.0803717257270505,0)	
+++ Below these two lines is a config file that is   +++
+++ functionally equivalent to that used in the fit. +++
### FIT CONFIGURATION ###
fit bin_57
reaction EtaPi gamma Proton Pi0 Eta
sum EtaPi::Positive
sum EtaPi::Negative
amplitude EtaPi::Negative::S0- TwoPSAngles 0 0 -1
amplitude EtaPi::Negative::P0- TwoPSAngles 1 0 -1
amplitude EtaPi::Negative::P1- TwoPSAngles 1 1 -1
amplitude EtaPi::Negative::D0- TwoPSAngles 2 0 -1
amplitude EtaPi::Negative::D1- TwoPSAngles 2 1 -1
amplitude EtaPi::Positive::P1+ TwoPSAngles 1 1 1
amplitude EtaPi::Positive::D1+ TwoPSAngles 2 1 1
scale EtaPi::Negative::S0- 1.0
scale EtaPi::Negative::P0- 1.0
scale EtaPi::Negative::P1- 1.0
scale EtaPi::Negative::D0- 1.0
scale EtaPi::Negative::D1- 1.0
scale EtaPi::Positive::P1+ 1.0
scale EtaPi::Positive::D1+ 1.0
initialize EtaPi::Negative::S0- cartesian 264.863350676 0 real
initialize EtaPi::Negative::P0- cartesian 21.1480235748 13.9788865149
initialize EtaPi::Negative::P1- cartesian -1.27818450089 61.9054254825
initialize EtaPi::Negative::D0- cartesian 161.587637708 92.8174403709
initialize EtaPi::Negative::D1- cartesian 4.94548412238 8.32596114101
initialize EtaPi::Positive::P1+ cartesian 57.3363846808 -16.5059959379
initialize EtaPi::Positive::D1+ cartesian 94.8797584514 0 real
data EtaPi ROOTDataReader data_pi0eta_tLT1_57.root
genmc EtaPi ROOTDataReader thrown_pi0eta_tLT1_57.root
accmc EtaPi ROOTDataReader reco_pi0eta_tLT1_57.root
normintfile EtaPi bin_57.ni
