*** DO NOT EDIT THIS FILE - IT IS FORMATTED FOR INPUT ***
+++ Reactions, Amplitudes, and Scale Parameters +++
  1
  EtaPi	7
  EtaPi::Negative::S0-	-	1
  EtaPi::Negative::P0-	-	1
  EtaPi::Negative::P1-	-	1
  EtaPi::Negative::D0-	-	1
  EtaPi::Negative::D1-	-	1
  EtaPi::Positive::P1+	-	1
  EtaPi::Positive::D1+	-	1
+++ Likelihood Total and Partial Sums +++
  -1080.70573692613
  EtaPi	-1080.70573692613
+++ Fitter Information +++
  lastMinuitCommand	1
  lastMinuitCommandStatus	0
  eMatrixStatus	3
  minuitPrecision	1e-13
  minuitStrategy	1
  estDistToMinimum	3.53377632217218e-07
  bestMinimum	-1080.70573692613
+++ Parameter Values and Errors +++
  14
  EtaPi::Negative::S0-_re	12.8739109684369
  EtaPi::Negative::S0-_im	0
  EtaPi::Negative::P0-_re	-4.70736462046303
  EtaPi::Negative::P0-_im	-0.349950434049096
  EtaPi::Negative::P1-_re	10.9661151798743
  EtaPi::Negative::P1-_im	-0.122272778557494
  EtaPi::Negative::D0-_re	7.62591268409528
  EtaPi::Negative::D0-_im	33.9081592690289
  EtaPi::Negative::D1-_re	7.74887225714852
  EtaPi::Negative::D1-_im	-1.74036249008409
  EtaPi::Positive::P1+_re	2.0817313345983
  EtaPi::Positive::P1+_im	0.00180763660617621
  EtaPi::Positive::D1+_re	3.93329266232658
  EtaPi::Positive::D1+_im	0
  16.0546180839793	  0	  -1.13785591285817	  1.29143994705908	  -0.0600521373774645	  4.54549207649128	  1.51519220478875	  -4.36945907133226	  -4.74281170917182	  -0.573736482183336	  12.2892964494695	  -0.00438646335655812	  -5.39700556396338	  0	
  0	  0	  0	  0	  0	  0	  0	  0	  0	  0	  0	  0	  0	  0	
  -1.13785591285817	  0	  17.5403833894279	  -7.54113753986023	  -8.54525771475507	  0.162877950045517	  -9.11723049928876	  6.52242706148447	  -1.56323856075432	  1.54002803700934	  -7.97336330916691	  -0.35579626872481	  12.6075746439123	  0	
  1.29143994705908	  0	  -7.54113753986023	  9.56402126883334	  4.98295128232008	  -0.719618624752242	  10.6482488670238	  -5.08466995920499	  0.0460620482363594	  -1.0807883056913	  5.78494664329622	  0.447057304643417	  -7.25760428900134	  0	
  -0.0600521373774645	  0	  -8.54525771475507	  4.98295128232008	  14.9789474870945	  -0.471532415986225	  11.5769762505582	  -6.60678083974699	  0.645117904732737	  -2.76762812113681	  2.47904043034768	  0.639392438845702	  -11.2028122809755	  0	
  4.54549207649128	  0	  0.162877950045517	  -0.719618624752242	  -0.471532415986225	  10.1167750509983	  -10.8020029071123	  1.36638493297749	  -1.14163678051329	  1.83919360039375	  -0.568653937678942	  -0.440508452065001	  -0.208980678227791	  0	
  1.51519220478875	  0	  -9.11723049928876	  10.6482488670238	  11.5769762505582	  -10.8020029071123	  48.5444304292478	  -14.8250627932338	  -2.05235431911689	  -7.5689354681112	  13.6850279718365	  2.24989060060826	  -15.4724521383163	  0	
  -4.36945907133226	  0	  6.52242706148447	  -5.08466995920499	  -6.60678083974699	  1.36638493297749	  -14.8250627932338	  10.7838026871556	  1.22872939777328	  3.10353227428623	  -8.25721003023265	  -0.859328175791492	  5.6347090918611	  0	
  -4.74281170917182	  0	  -1.56323856075432	  0.0460620482363594	  0.645117904732737	  -1.14163678051329	  -2.05235431911689	  1.22872939777328	  8.28259853594544	  1.02378296549042	  -6.39182538272936	  0.18398731644197	  -1.88459707212036	  0	
  -0.573736482183336	  0	  1.54002803700934	  -1.0807883056913	  -2.76762812113681	  1.83919360039375	  -7.5689354681112	  3.10353227428623	  1.02378296549042	  8.97260191217373	  -3.48305688720181	  -0.392857744609193	  0.150773573911052	  0	
  12.2892964494695	  0	  -7.97336330916691	  5.78494664329622	  2.47904043034768	  -0.568653937678942	  13.6850279718365	  -8.25721003023265	  -6.39182538272936	  -3.48305688720181	  76.3869962080631	  1.7874077777361	  -41.8516713764521	  0	
  -0.00438646335655812	  0	  -0.35579626872481	  0.447057304643417	  0.639392438845702	  -0.440508452065001	  2.24989060060826	  -0.859328175791492	  0.18398731644197	  -0.392857744609193	  1.7874077777361	  145.533684829576	  -5.84378302962332	  0	
  -5.39700556396338	  0	  12.6075746439123	  -7.25760428900134	  -11.2028122809755	  -0.208980678227791	  -15.4724521383163	  5.6347090918611	  -1.88459707212036	  0.150773573911052	  -41.8516713764521	  -5.84378302962332	  75.5657023886699	  0	
  0	  0	  0	  0	  0	  0	  0	  0	  0	  0	  0	  0	  0	  0	
+++ Normalization Integrals +++
  EtaPi
9135	9135
7
EtaPi::Negative::S0-
EtaPi::Negative::P0-
EtaPi::Negative::P1-
EtaPi::Negative::D0-
EtaPi::Negative::D1-
EtaPi::Positive::P1+
EtaPi::Positive::D1+
(0.0795772854596536,0)	(0.00181445014139982,-0)	(-0.000702932704282395,-0)	(0.000737333565571581,-0)	(0.000915899789230141,-0)	(0,-0)	(0,-0)	
(0.00181445014139982,0)	(0.0802367766495225,0)	(0.000709452926096647,-0)	(0.000463077900396798,-0)	(-0.000478880537642284,-0)	(0,-0)	(0,-0)	
(-0.000702932704282395,0)	(0.000709452926096647,0)	(0.0791145564963441,0)	(0.000371179944215427,-0)	(0.00212997485666432,-0)	(0,-0)	(0,-0)	
(0.000737333565571581,0)	(0.000463077900396798,0)	(0.000371179944215427,0)	(0.0808588817009999,0)	(0.00187893111413363,-0)	(0,-0)	(0,-0)	
(0.000915899789230141,0)	(-0.000478880537642284,0)	(0.00212997485666432,0)	(0.00187893111413363,0)	(0.0789461989051722,0)	(0,-0)	(0,-0)	
(0,0)	(0,0)	(0,0)	(0,0)	(0,0)	(0.0793805232330489,0)	(0.00202019896254609,-0)	
(0,0)	(0,0)	(0,0)	(0,0)	(0,0)	(0.00202019896254609,0)	(0.079598729008763,0)	
(0.0795772854596536,0)	(0.00181445014139982,-0)	(-0.000702932704282395,-0)	(0.000737333565571581,-0)	(0.000915899789230141,-0)	(0,-0)	(0,-0)	
(0.00181445014139982,0)	(0.0802367766495225,0)	(0.000709452926096647,-0)	(0.000463077900396798,-0)	(-0.000478880537642284,-0)	(0,-0)	(0,-0)	
(-0.000702932704282395,0)	(0.000709452926096647,0)	(0.0791145564963441,0)	(0.000371179944215427,-0)	(0.00212997485666432,-0)	(0,-0)	(0,-0)	
(0.000737333565571581,0)	(0.000463077900396798,0)	(0.000371179944215427,0)	(0.0808588817009999,0)	(0.00187893111413363,-0)	(0,-0)	(0,-0)	
(0.000915899789230141,0)	(-0.000478880537642284,0)	(0.00212997485666432,0)	(0.00187893111413363,0)	(0.0789461989051722,0)	(0,-0)	(0,-0)	
(0,0)	(0,0)	(0,0)	(0,0)	(0,0)	(0.0793805232330489,0)	(0.00202019896254609,-0)	
(0,0)	(0,0)	(0,0)	(0,0)	(0,0)	(0.00202019896254609,0)	(0.079598729008763,0)	
+++ Below these two lines is a config file that is   +++
+++ functionally equivalent to that used in the fit. +++
### FIT CONFIGURATION ###
fit bin_60
reaction EtaPi gamma Proton Pi0 Eta
sum EtaPi::Positive
sum EtaPi::Negative
amplitude EtaPi::Negative::S0- TwoPSAngles 0 0 -1
amplitude EtaPi::Negative::P0- TwoPSAngles 1 0 -1
amplitude EtaPi::Negative::P1- TwoPSAngles 1 1 -1
amplitude EtaPi::Negative::D0- TwoPSAngles 2 0 -1
amplitude EtaPi::Negative::D1- TwoPSAngles 2 1 -1
amplitude EtaPi::Positive::P1+ TwoPSAngles 1 1 1
amplitude EtaPi::Positive::D1+ TwoPSAngles 2 1 1
scale EtaPi::Negative::S0- 1.0
scale EtaPi::Negative::P0- 1.0
scale EtaPi::Negative::P1- 1.0
scale EtaPi::Negative::D0- 1.0
scale EtaPi::Negative::D1- 1.0
scale EtaPi::Positive::P1+ 1.0
scale EtaPi::Positive::D1+ 1.0
initialize EtaPi::Negative::S0- cartesian 149.397654376 0 real
initialize EtaPi::Negative::P0- cartesian 61.4406531052 63.1963771208
initialize EtaPi::Negative::P1- cartesian 44.7283346686 76.8024667457
initialize EtaPi::Negative::D0- cartesian 162.187482948 75.8317479944
initialize EtaPi::Negative::D1- cartesian 17.843102512 15.0684659905
initialize EtaPi::Positive::P1+ cartesian 59.8066661393 -22.0324183081
initialize EtaPi::Positive::D1+ cartesian 98.7607982398 0 real
data EtaPi ROOTDataReader data_pi0eta_tLT1_60.root
genmc EtaPi ROOTDataReader thrown_pi0eta_tLT1_60.root
accmc EtaPi ROOTDataReader reco_pi0eta_tLT1_60.root
normintfile EtaPi bin_60.ni
