*** DO NOT EDIT THIS FILE - IT IS FORMATTED FOR INPUT ***
+++ Reactions, Amplitudes, and Scale Parameters +++
  1
  EtaPi	7
  EtaPi::Negative::S0-	-	1
  EtaPi::Negative::P0-	-	1
  EtaPi::Negative::P1-	-	1
  EtaPi::Negative::D0-	-	1
  EtaPi::Negative::D1-	-	1
  EtaPi::Positive::P1+	-	1
  EtaPi::Positive::D1+	-	1
+++ Likelihood Total and Partial Sums +++
  -1683.18698288917
  EtaPi	-1683.18698288917
+++ Fitter Information +++
  lastMinuitCommand	1
  lastMinuitCommandStatus	0
  eMatrixStatus	3
  minuitPrecision	1e-13
  minuitStrategy	1
  estDistToMinimum	1.76209579627489e-05
  bestMinimum	-1683.18698288917
+++ Parameter Values and Errors +++
  14
  EtaPi::Negative::S0-_re	2.95957481144894
  EtaPi::Negative::S0-_im	0
  EtaPi::Negative::P0-_re	-8.77377118522969
  EtaPi::Negative::P0-_im	2.674450801707
  EtaPi::Negative::P1-_re	-5.9822555376186
  EtaPi::Negative::P1-_im	3.3675175446966
  EtaPi::Negative::D0-_re	8.38283082963023
  EtaPi::Negative::D0-_im	43.2215249038824
  EtaPi::Negative::D1-_re	1.51738268040112
  EtaPi::Negative::D1-_im	0.311440000735322
  EtaPi::Positive::P1+_re	3.34515221015368
  EtaPi::Positive::P1+_im	-12.9422913043536
  EtaPi::Positive::D1+_re	8.76297505066147
  EtaPi::Positive::D1+_im	0
  72.6231375923545	  0	  37.1535199344234	  -5.2715823671995	  -30.3710365794029	  -6.6392500123005	  -14.060197248029	  0.170720539884742	  -23.3450434934666	  4.48165285829892	  30.4470796686432	  -7.35331728187842	  -9.262487684903	  0	
  0	  0	  0	  0	  0	  0	  0	  0	  0	  0	  0	  0	  0	  0	
  37.1535199344234	  0	  101.522237940742	  73.4629873932373	  -6.45354692507826	  61.1944841267097	  426.578311232354	  -86.7077992369959	  -16.2703258075151	  -8.32532234686563	  12.7964403632627	  -56.4248873651732	  -34.4598333516623	  0	
  -5.2715823671995	  0	  73.4629873932373	  204.693811543855	  50.5519319412642	  148.034670935699	  999.244784580081	  -214.233385327381	  6.27677355781645	  -25.9723834158796	  39.513185618956	  -142.136869607317	  -142.727340873615	  0	
  -30.3710365794029	  0	  -6.45354692507826	  50.5519319412642	  42.2746422494969	  35.0410426443346	  238.26035946054	  -49.5504991992796	  14.0391943996793	  -8.79964057068809	  1.11675792927506	  -32.2139597054853	  -33.9443332150861	  0	
  -6.6392500123005	  0	  61.1944841267097	  148.034670935699	  35.0410426443346	  115.669023461958	  746.313605109208	  -158.963432379436	  4.03209195046861	  -18.9892690285501	  24.3839466869392	  -104.13757633737	  -101.759635660707	  0	
  -14.060197248029	  0	  426.578311232354	  999.244784580081	  238.26035946054	  746.313605109208	  5050.69728665357	  -1074.59668830667	  21.8285734777681	  -129.865945373848	  181.270531060241	  -705.774919843022	  -685.910594481225	  0	
  0.170720539884742	  0	  -86.7077992369959	  -214.233385327381	  -49.5504991992796	  -158.963432379436	  -1074.59668830667	  234.135634244591	  -4.6274332695743	  27.5234949240771	  -43.7160728990065	  155.344172282596	  151.428493497871	  0	
  -23.3450434934666	  0	  -16.2703258075151	  6.27677355781645	  14.0391943996793	  4.03209195046861	  21.8285734777681	  -4.6274332695743	  19.5952010401731	  -3.59090653753021	  -4.13778587442288	  -0.662935175769592	  -2.32361531592273	  0	
  4.48165285829892	  0	  -8.32532234686563	  -25.9723834158796	  -8.79964057068809	  -18.9892690285501	  -129.865945373848	  27.5234949240771	  -3.59090653753021	  9.60363179020123	  -4.67788769324372	  17.065294755098	  16.1070300248151	  0	
  30.4470796686432	  0	  12.7964403632627	  39.513185618956	  1.11675792927506	  24.3839466869392	  181.270531060241	  -43.7160728990065	  -4.13778587442288	  -4.67788769324372	  61.7021702909662	  -38.1239901129291	  -56.1596084721155	  0	
  -7.35331728187842	  0	  -56.4248873651732	  -142.136869607317	  -32.2139597054853	  -104.13757633737	  -705.774919843022	  155.344172282596	  -0.662935175769592	  17.065294755098	  -38.1239901129291	  143.886430610684	  145.717141324674	  0	
  -9.262487684903	  0	  -34.4598333516623	  -142.727340873615	  -33.9443332150861	  -101.759635660707	  -685.910594481225	  151.428493497871	  -2.32361531592273	  16.1070300248151	  -56.1596084721155	  145.717141324674	  184.013041097776	  0	
  0	  0	  0	  0	  0	  0	  0	  0	  0	  0	  0	  0	  0	  0	
+++ Normalization Integrals +++
  EtaPi
8852	8852
7
EtaPi::Negative::S0-
EtaPi::Negative::P0-
EtaPi::Negative::P1-
EtaPi::Negative::D0-
EtaPi::Negative::D1-
EtaPi::Positive::P1+
EtaPi::Positive::D1+
(0.0795772854596533,0)	(0.000382137489996936,-0)	(-1.92926688282943e-05,-0)	(-0.00092727360800713,-0)	(0.000991710884708785,-0)	(0,-0)	(0,-0)	
(0.000382137489996936,0)	(0.0787479067311403,0)	(0.00076817594814595,-0)	(-0.000297412628720362,-0)	(0.00149482719805977,-0)	(0,-0)	(0,-0)	
(-1.92926688282943e-05,0)	(0.00076817594814595,0)	(0.0799640782238881,0)	(0.0013161281872714,-0)	(0.00102451554380607,-0)	(0,-0)	(0,-0)	
(-0.00092727360800713,0)	(-0.000297412628720362,0)	(0.0013161281872714,0)	(0.0779164558827977,0)	(0.000764241356777611,-0)	(0,-0)	(0,-0)	
(0.000991710884708785,0)	(0.00149482719805977,0)	(0.00102451554380607,0)	(0.000764241356777611,0)	(0.0803047063624368,0)	(0,-0)	(0,-0)	
(0,0)	(0,0)	(0,0)	(0,0)	(0,0)	(0.080019871423887,0)	(0.000305581735177877,-0)	
(0,0)	(0,0)	(0,0)	(0,0)	(0,0)	(0.000305581735177877,0)	(0.0796820061117973,0)	
(0.0795772854596533,0)	(0.000382137489996936,-0)	(-1.92926688282943e-05,-0)	(-0.00092727360800713,-0)	(0.000991710884708785,-0)	(0,-0)	(0,-0)	
(0.000382137489996936,0)	(0.0787479067311403,0)	(0.00076817594814595,-0)	(-0.000297412628720362,-0)	(0.00149482719805977,-0)	(0,-0)	(0,-0)	
(-1.92926688282943e-05,0)	(0.00076817594814595,0)	(0.0799640782238881,0)	(0.0013161281872714,-0)	(0.00102451554380607,-0)	(0,-0)	(0,-0)	
(-0.00092727360800713,0)	(-0.000297412628720362,0)	(0.0013161281872714,0)	(0.0779164558827977,0)	(0.000764241356777611,-0)	(0,-0)	(0,-0)	
(0.000991710884708785,0)	(0.00149482719805977,0)	(0.00102451554380607,0)	(0.000764241356777611,0)	(0.0803047063624368,0)	(0,-0)	(0,-0)	
(0,0)	(0,0)	(0,0)	(0,0)	(0,0)	(0.080019871423887,0)	(0.000305581735177877,-0)	
(0,0)	(0,0)	(0,0)	(0,0)	(0,0)	(0.000305581735177877,0)	(0.0796820061117973,0)	
+++ Below these two lines is a config file that is   +++
+++ functionally equivalent to that used in the fit. +++
### FIT CONFIGURATION ###
fit bin_58
reaction EtaPi gamma Proton Pi0 Eta
sum EtaPi::Positive
sum EtaPi::Negative
amplitude EtaPi::Negative::S0- TwoPSAngles 0 0 -1
amplitude EtaPi::Negative::P0- TwoPSAngles 1 0 -1
amplitude EtaPi::Negative::P1- TwoPSAngles 1 1 -1
amplitude EtaPi::Negative::D0- TwoPSAngles 2 0 -1
amplitude EtaPi::Negative::D1- TwoPSAngles 2 1 -1
amplitude EtaPi::Positive::P1+ TwoPSAngles 1 1 1
amplitude EtaPi::Positive::D1+ TwoPSAngles 2 1 1
scale EtaPi::Negative::S0- 1.0
scale EtaPi::Negative::P0- 1.0
scale EtaPi::Negative::P1- 1.0
scale EtaPi::Negative::D0- 1.0
scale EtaPi::Negative::D1- 1.0
scale EtaPi::Positive::P1+ 1.0
scale EtaPi::Positive::D1+ 1.0
initialize EtaPi::Negative::S0- cartesian 230.926069997 0 real
initialize EtaPi::Negative::P0- cartesian 58.7860861159 66.1135999465
initialize EtaPi::Negative::P1- cartesian 5.75034124307 79.2996523459
initialize EtaPi::Negative::D0- cartesian 305.873406396 51.1514816884
initialize EtaPi::Negative::D1- cartesian 2.06196122894 23.8558365384
initialize EtaPi::Positive::P1+ cartesian 26.2402344058 -24.8999617033
initialize EtaPi::Positive::D1+ cartesian 75.7370199736 0 real
data EtaPi ROOTDataReader data_pi0eta_tLT1_58.root
genmc EtaPi ROOTDataReader thrown_pi0eta_tLT1_58.root
accmc EtaPi ROOTDataReader reco_pi0eta_tLT1_58.root
normintfile EtaPi bin_58.ni
