*** DO NOT EDIT THIS FILE - IT IS FORMATTED FOR INPUT ***
+++ Reactions, Amplitudes, and Scale Parameters +++
  1
  EtaPi	7
  EtaPi::Negative::S0-	-	1
  EtaPi::Negative::P0-	-	1
  EtaPi::Negative::P1-	-	1
  EtaPi::Negative::D0-	-	1
  EtaPi::Negative::D1-	-	1
  EtaPi::Positive::P1+	-	1
  EtaPi::Positive::D1+	-	1
+++ Likelihood Total and Partial Sums +++
  -1141.57009045621
  EtaPi	-1141.57009045621
+++ Fitter Information +++
  lastMinuitCommand	1
  lastMinuitCommandStatus	0
  eMatrixStatus	3
  minuitPrecision	1e-13
  minuitStrategy	1
  estDistToMinimum	3.5075493060381e-06
  bestMinimum	-1141.57009045621
+++ Parameter Values and Errors +++
  14
  EtaPi::Negative::S0-_re	5.22453895129286
  EtaPi::Negative::S0-_im	0
  EtaPi::Negative::P0-_re	-1.91375411319557
  EtaPi::Negative::P0-_im	1.04320631631862
  EtaPi::Negative::P1-_re	7.47432925269965
  EtaPi::Negative::P1-_im	-0.9473689183118
  EtaPi::Negative::D0-_re	-6.9448144694662
  EtaPi::Negative::D0-_im	-36.8899715628401
  EtaPi::Negative::D1-_re	1.48933888414032
  EtaPi::Negative::D1-_im	-0.931028639158027
  EtaPi::Positive::P1+_re	11.9685687432914
  EtaPi::Positive::P1+_im	-0.00192657915702099
  EtaPi::Positive::D1+_re	5.60040336575491
  EtaPi::Positive::D1+_im	0
  26.9590521753964	  0	  5.06095837725931	  -4.64690994062597	  -5.55408158891656	  6.16541457325322	  30.4653694261298	  -5.32196812228284	  -3.96659090601259	  5.19207020396571	  -5.3275368547336	  -0.792328331192511	  3.71421506789043	  0	
  0	  0	  0	  0	  0	  0	  0	  0	  0	  0	  0	  0	  0	  0	
  5.06095837725931	  0	  27.695285215321	  -4.36089434836899	  -6.13944881681685	  6.07976120613277	  13.3735095473425	  -4.57349787445926	  -3.52784370680974	  5.52813611385517	  2.45723683167335	  0.383607139061072	  -3.02750272227855	  0	
  -4.64690994062597	  0	  -4.36089434836899	  7.33807547597295	  1.10552132291438	  -5.81196076138231	  -28.3178619284269	  4.92644212887964	  1.69533815416434	  -2.62347177211933	  -2.65368920466846	  -0.0642529535321477	  2.14055474031647	  0	
  -5.55408158891656	  0	  -6.13944881681685	  1.10552132291438	  16.2823087823461	  -2.68664792106535	  9.01730278018506	  1.15043300422492	  1.86833147559661	  -2.2312931579089	  1.77329256405071	  -0.110488383146904	  -0.957742576076362	  0	
  6.16541457325322	  0	  6.07976120613277	  -5.81196076138231	  -2.68664792106535	  17.8791137925528	  61.8727831997203	  -10.9126586007575	  -1.64410799176532	  4.99730610822377	  5.35680972948633	  -0.370838985132718	  -2.71029655814759	  0	
  30.4653694261298	  0	  13.3735095473425	  -28.3178619284269	  9.01730278018506	  61.8727831997203	  337.692126559326	  -51.584775417493	  -3.48179679369508	  18.8321689257583	  31.2570533468106	  -2.57501961071439	  -14.1922785059012	  0	
  -5.32196812228284	  0	  -4.57349787445926	  4.92644212887964	  1.15043300422492	  -10.9126586007575	  -51.584775417493	  12.7775341776394	  1.13593140000835	  -3.74000259587063	  -1.31466496893496	  0.389542651352008	  1.53507749594766	  0	
  -3.96659090601259	  0	  -3.52784370680974	  1.69533815416434	  1.86833147559661	  -1.64410799176532	  -3.48179679369508	  1.13593140000835	  10.2999653055932	  -2.95987416387406	  0.81886516448826	  0.0644149360797954	  -1.33706043490103	  0	
  5.19207020396571	  0	  5.52813611385517	  -2.62347177211933	  -2.2312931579089	  4.99730610822377	  18.8321689257583	  -3.74000259587063	  -2.95987416387406	  8.3485257886951	  0.60569850300881	  -0.193013149192091	  -0.181639507581029	  0	
  -5.3275368547336	  0	  2.45723683167335	  -2.65368920466846	  1.77329256405071	  5.35680972948633	  31.2570533468106	  -1.31466496893496	  0.81886516448826	  0.60569850300881	  23.8802299436055	  -2.83544368052437	  -10.7294232493766	  0	
  -0.792328331192511	  0	  0.383607139061072	  -0.0642529535321477	  -0.110488383146904	  -0.370838985132718	  -2.57501961071439	  0.389542651352008	  0.0644149360797954	  -0.193013149192091	  -2.83544368052437	  301.528009627481	  0.596503409748744	  0	
  3.71421506789043	  0	  -3.02750272227855	  2.14055474031647	  -0.957742576076362	  -2.71029655814759	  -14.1922785059012	  1.53507749594766	  -1.33706043490103	  -0.181639507581029	  -10.7294232493766	  0.596503409748744	  15.5515658290253	  0	
  0	  0	  0	  0	  0	  0	  0	  0	  0	  0	  0	  0	  0	  0	
+++ Normalization Integrals +++
  EtaPi
9019	9019
7
EtaPi::Negative::S0-
EtaPi::Negative::P0-
EtaPi::Negative::P1-
EtaPi::Negative::D0-
EtaPi::Negative::D1-
EtaPi::Positive::P1+
EtaPi::Positive::D1+
(0.0795772854596535,0)	(-0.000600828882584999,-0)	(1.64389602470148e-05,-0)	(0.000274411628685825,-0)	(-0.000455383085087516,-0)	(0,-0)	(0,-0)	
(-0.000600828882584999,0)	(0.0798227266818615,0)	(-0.000352738220937699,-0)	(0.000454220373045543,-0)	(0.000756489212651446,-0)	(0,-0)	(0,-0)	
(1.64389602470148e-05,0)	(-0.000352738220937699,0)	(0.0787809197414892,0)	(0.000636759559549169,-0)	(-0.000551839542234255,-0)	(0,-0)	(0,-0)	
(0.000274411628685825,0)	(0.000454220373045543,0)	(0.000636759559549169,0)	(0.0802266822597487,0)	(-0.000327083474090937,-0)	(0,-0)	(0,-0)	
(-0.000455383085087516,0)	(0.000756489212651446,0)	(-0.000551839542234255,0)	(-0.000327083474090937,0)	(0.0787507331974433,0)	(0,-0)	(0,-0)	
(0,0)	(0,0)	(0,0)	(0,0)	(0,0)	(0.0801282099555645,0)	(-0.001523982471179,-0)	
(0,0)	(0,0)	(0,0)	(0,0)	(0,0)	(-0.001523982471179,0)	(0.0799470440253912,0)	
(0.0795772854596535,0)	(-0.000600828882584999,-0)	(1.64389602470148e-05,-0)	(0.000274411628685825,-0)	(-0.000455383085087516,-0)	(0,-0)	(0,-0)	
(-0.000600828882584999,0)	(0.0798227266818615,0)	(-0.000352738220937699,-0)	(0.000454220373045543,-0)	(0.000756489212651446,-0)	(0,-0)	(0,-0)	
(1.64389602470148e-05,0)	(-0.000352738220937699,0)	(0.0787809197414892,0)	(0.000636759559549169,-0)	(-0.000551839542234255,-0)	(0,-0)	(0,-0)	
(0.000274411628685825,0)	(0.000454220373045543,0)	(0.000636759559549169,0)	(0.0802266822597487,0)	(-0.000327083474090937,-0)	(0,-0)	(0,-0)	
(-0.000455383085087516,0)	(0.000756489212651446,0)	(-0.000551839542234255,0)	(-0.000327083474090937,0)	(0.0787507331974433,0)	(0,-0)	(0,-0)	
(0,0)	(0,0)	(0,0)	(0,0)	(0,0)	(0.0801282099555645,0)	(-0.001523982471179,-0)	
(0,0)	(0,0)	(0,0)	(0,0)	(0,0)	(-0.001523982471179,0)	(0.0799470440253912,0)	
+++ Below these two lines is a config file that is   +++
+++ functionally equivalent to that used in the fit. +++
### FIT CONFIGURATION ###
fit bin_61
reaction EtaPi gamma Proton Pi0 Eta
sum EtaPi::Positive
sum EtaPi::Negative
amplitude EtaPi::Negative::S0- TwoPSAngles 0 0 -1
amplitude EtaPi::Negative::P0- TwoPSAngles 1 0 -1
amplitude EtaPi::Negative::P1- TwoPSAngles 1 1 -1
amplitude EtaPi::Negative::D0- TwoPSAngles 2 0 -1
amplitude EtaPi::Negative::D1- TwoPSAngles 2 1 -1
amplitude EtaPi::Positive::P1+ TwoPSAngles 1 1 1
amplitude EtaPi::Positive::D1+ TwoPSAngles 2 1 1
scale EtaPi::Negative::S0- 1.0
scale EtaPi::Negative::P0- 1.0
scale EtaPi::Negative::P1- 1.0
scale EtaPi::Negative::D0- 1.0
scale EtaPi::Negative::D1- 1.0
scale EtaPi::Positive::P1+ 1.0
scale EtaPi::Positive::D1+ 1.0
initialize EtaPi::Negative::S0- cartesian 358.115335574 0 real
initialize EtaPi::Negative::P0- cartesian 37.7321644145 33.7179938951
initialize EtaPi::Negative::P1- cartesian 15.8568846921 50.0535025941
initialize EtaPi::Negative::D0- cartesian 214.296626816 85.0243680554
initialize EtaPi::Negative::D1- cartesian 24.8505842906 6.32372789655
initialize EtaPi::Positive::P1+ cartesian 36.1703540143 -20.6224804196
initialize EtaPi::Positive::D1+ cartesian 97.8532524322 0 real
data EtaPi ROOTDataReader data_pi0eta_tLT1_61.root
genmc EtaPi ROOTDataReader thrown_pi0eta_tLT1_61.root
accmc EtaPi ROOTDataReader reco_pi0eta_tLT1_61.root
normintfile EtaPi bin_61.ni
