*** DO NOT EDIT THIS FILE - IT IS FORMATTED FOR INPUT ***
+++ Reactions, Amplitudes, and Scale Parameters +++
  1
  EtaPi	7
  EtaPi::Negative::S0-	-	1
  EtaPi::Negative::P0-	-	1
  EtaPi::Negative::P1-	-	1
  EtaPi::Negative::D0-	-	1
  EtaPi::Negative::D1-	-	1
  EtaPi::Positive::P1+	-	1
  EtaPi::Positive::D1+	-	1
+++ Likelihood Total and Partial Sums +++
  -4088.35474429909
  EtaPi	-4088.35474429909
+++ Fitter Information +++
  lastMinuitCommand	1
  lastMinuitCommandStatus	0
  eMatrixStatus	3
  minuitPrecision	1e-13
  minuitStrategy	1
  estDistToMinimum	7.0961915509707e-05
  bestMinimum	-4088.35474429909
+++ Parameter Values and Errors +++
  14
  EtaPi::Negative::S0-_re	15.2622140390499
  EtaPi::Negative::S0-_im	0
  EtaPi::Negative::P0-_re	3.25020683992633
  EtaPi::Negative::P0-_im	0.644130508993635
  EtaPi::Negative::P1-_re	-5.64941351838828
  EtaPi::Negative::P1-_im	-4.29598886895165
  EtaPi::Negative::D0-_re	-19.9803941382925
  EtaPi::Negative::D0-_im	64.1225093606997
  EtaPi::Negative::D1-_re	7.24464030296244
  EtaPi::Negative::D1-_im	6.61344735334008
  EtaPi::Positive::P1+_re	1.68691789280562
  EtaPi::Positive::P1+_im	-8.40518484440632e-05
  EtaPi::Positive::D1+_re	-1.9668524208339
  EtaPi::Positive::D1+_im	0
  39.5681886352462	  0	  10.983110750547	  -2.96382309181396	  -11.3342152889967	  -3.7876683878916	  53.0176086978876	  8.9306815500145	  -17.2279555946138	  -7.73281367564406	  -4.2159424051793	  -2.23271813239396	  5.93182472908912	  0	
  0	  0	  0	  0	  0	  0	  0	  0	  0	  0	  0	  0	  0	  0	
  10.983110750547	  0	  47.802674642922	  2.33566053154335	  -28.3161532677945	  -10.3470755692409	  26.3353106253085	  0.509675095296403	  -9.32435583687801	  -5.21891894949172	  22.4496092198624	  -1.66099839136099	  -19.0703873124505	  0	
  -2.96382309181396	  0	  2.33566053154335	  4.6944463553653	  -0.935630211767174	  -0.383007017302532	  -8.08457531791907	  -2.23093429911977	  1.23800664982752	  1.07273579055539	  -1.83275764052577	  -0.254776480543448	  1.99794689333778	  0	
  -11.3342152889967	  0	  -28.3161532677945	  -0.935630211767174	  36.797324041189	  12.9292207205863	  -28.3934855972657	  -2.27226206659212	  5.19462534223266	  4.74443751073712	  4.14196025129061	  0.269989169043618	  -7.77504732261913	  0	
  -3.7876683878916	  0	  -10.3470755692409	  -0.383007017302532	  12.9292207205863	  10.0790528751825	  -1.70694372664866	  1.7726660818122	  2.50625378010541	  0.947494259880327	  7.46753895666198	  0.250894966858683	  -8.05940959206408	  0	
  53.0176086978876	  0	  26.3353106253085	  -8.08457531791907	  -28.3934855972657	  -1.70694372664866	  155.557922443612	  33.9610441939147	  -20.9813269299804	  -18.3790536392662	  27.800776438149	  -0.696887610974353	  -15.3592144455422	  0	
  8.9306815500145	  0	  0.509675095296403	  -2.23093429911977	  -2.27226206659212	  1.7726660818122	  33.9610441939147	  12.2407316132088	  -3.24062090633424	  -3.49265030829052	  2.67381619713252	  -0.294748946886605	  -0.0784914879699233	  0	
  -17.2279555946138	  0	  -9.32435583687801	  1.23800664982752	  5.19462534223266	  2.50625378010541	  -20.9813269299804	  -3.24062090633424	  22.3331051085413	  4.63362022188752	  -12.1035174485067	  0.681350529178297	  13.2282660776277	  0	
  -7.73281367564406	  0	  -5.21891894949172	  1.07273579055539	  4.74443751073712	  0.947494259880327	  -18.3790536392662	  -3.49265030829052	  4.63362022188752	  7.03530657921099	  -8.74126750342678	  0.244274805129373	  7.91630683863245	  0	
  -4.2159424051793	  0	  22.4496092198624	  -1.83275764052577	  4.14196025129061	  7.46753895666198	  27.800776438149	  2.67381619713252	  -12.1035174485067	  -8.74126750342678	  196.254138552395	  -7.72732238411555	  -113.406010235018	  0	
  -2.23271813239396	  0	  -1.66099839136099	  -0.254776480543448	  0.269989169043618	  0.250894966858683	  -0.696887610974353	  -0.294748946886605	  0.681350529178297	  0.244274805129373	  -7.72732238411555	  158.80494589083	  8.05157671868747	  0	
  5.93182472908912	  0	  -19.0703873124505	  1.99794689333778	  -7.77504732261913	  -8.05940959206408	  -15.3592144455422	  -0.0784914879699233	  13.2282660776277	  7.91630683863245	  -113.406010235018	  8.05157671868747	  209.821527584557	  0	
  0	  0	  0	  0	  0	  0	  0	  0	  0	  0	  0	  0	  0	  0	
+++ Normalization Integrals +++
  EtaPi
8573	8573
7
EtaPi::Negative::S0-
EtaPi::Negative::P0-
EtaPi::Negative::P1-
EtaPi::Negative::D0-
EtaPi::Negative::D1-
EtaPi::Positive::P1+
EtaPi::Positive::D1+
(0.079577285459653,0)	(0.000496069577829817,-0)	(0.000819995353487231,-0)	(-0.00139127983742176,-0)	(2.5653669778409e-05,-0)	(0,-0)	(0,-0)	
(0.000496069577829817,0)	(0.0783328869427582,0)	(1.98712471641773e-05,-0)	(0.00116779174838135,-0)	(-0.000461707428657217,-0)	(0,-0)	(0,-0)	
(0.000819995353487231,0)	(1.98712471641773e-05,0)	(0.0788469074547995,0)	(-0.00131663303814885,-0)	(-0.000421298783607903,-0)	(0,-0)	(0,-0)	
(-0.00139127983742176,0)	(0.00116779174838135,0)	(-0.00131663303814885,0)	(0.0783057079184072,0)	(-0.0014890736152541,-0)	(0,-0)	(0,-0)	
(2.5653669778409e-05,0)	(-0.000461707428657217,0)	(-0.000421298783607903,0)	(-0.0014890736152541,0)	(0.0781759105610135,0)	(0,-0)	(0,-0)	
(0,0)	(0,0)	(0,0)	(0,0)	(0,0)	(0.0815520619813573,0)	(0.00035369516536713,-0)	
(0,0)	(0,0)	(0,0)	(0,0)	(0,0)	(0.00035369516536713,0)	(0.0806000995517717,0)	
(0.079577285459653,0)	(0.000496069577829817,-0)	(0.000819995353487231,-0)	(-0.00139127983742176,-0)	(2.5653669778409e-05,-0)	(0,-0)	(0,-0)	
(0.000496069577829817,0)	(0.0783328869427582,0)	(1.98712471641773e-05,-0)	(0.00116779174838135,-0)	(-0.000461707428657217,-0)	(0,-0)	(0,-0)	
(0.000819995353487231,0)	(1.98712471641773e-05,0)	(0.0788469074547995,0)	(-0.00131663303814885,-0)	(-0.000421298783607903,-0)	(0,-0)	(0,-0)	
(-0.00139127983742176,0)	(0.00116779174838135,0)	(-0.00131663303814885,0)	(0.0783057079184072,0)	(-0.0014890736152541,-0)	(0,-0)	(0,-0)	
(2.5653669778409e-05,0)	(-0.000461707428657217,0)	(-0.000421298783607903,0)	(-0.0014890736152541,0)	(0.0781759105610135,0)	(0,-0)	(0,-0)	
(0,0)	(0,0)	(0,0)	(0,0)	(0,0)	(0.0815520619813573,0)	(0.00035369516536713,-0)	
(0,0)	(0,0)	(0,0)	(0,0)	(0,0)	(0.00035369516536713,0)	(0.0806000995517717,0)	
+++ Below these two lines is a config file that is   +++
+++ functionally equivalent to that used in the fit. +++
### FIT CONFIGURATION ###
fit bin_48
reaction EtaPi gamma Proton Pi0 Eta
sum EtaPi::Positive
sum EtaPi::Negative
amplitude EtaPi::Negative::S0- TwoPSAngles 0 0 -1
amplitude EtaPi::Negative::P0- TwoPSAngles 1 0 -1
amplitude EtaPi::Negative::P1- TwoPSAngles 1 1 -1
amplitude EtaPi::Negative::D0- TwoPSAngles 2 0 -1
amplitude EtaPi::Negative::D1- TwoPSAngles 2 1 -1
amplitude EtaPi::Positive::P1+ TwoPSAngles 1 1 1
amplitude EtaPi::Positive::D1+ TwoPSAngles 2 1 1
scale EtaPi::Negative::S0- 1.0
scale EtaPi::Negative::P0- 1.0
scale EtaPi::Negative::P1- 1.0
scale EtaPi::Negative::D0- 1.0
scale EtaPi::Negative::D1- 1.0
scale EtaPi::Positive::P1+ 1.0
scale EtaPi::Positive::D1+ 1.0
initialize EtaPi::Negative::S0- cartesian 264.863350676 0 real
initialize EtaPi::Negative::P0- cartesian 21.1480235748 13.9788865149
initialize EtaPi::Negative::P1- cartesian -1.27818450089 61.9054254825
initialize EtaPi::Negative::D0- cartesian 161.587637708 92.8174403709
initialize EtaPi::Negative::D1- cartesian 4.94548412238 8.32596114101
initialize EtaPi::Positive::P1+ cartesian 57.3363846808 -16.5059959379
initialize EtaPi::Positive::D1+ cartesian 94.8797584514 0 real
data EtaPi ROOTDataReader data_pi0eta_tLT1_48.root
genmc EtaPi ROOTDataReader thrown_pi0eta_tLT1_48.root
accmc EtaPi ROOTDataReader reco_pi0eta_tLT1_48.root
normintfile EtaPi bin_48.ni
