*** DO NOT EDIT THIS FILE - IT IS FORMATTED FOR INPUT ***
+++ Reactions, Amplitudes, and Scale Parameters +++
  1
  EtaPi	7
  EtaPi::Negative::S0-	-	1
  EtaPi::Negative::P0-	-	1
  EtaPi::Negative::P1-	-	1
  EtaPi::Negative::D0-	-	1
  EtaPi::Negative::D1-	-	1
  EtaPi::Positive::P1+	-	1
  EtaPi::Positive::D1+	-	1
+++ Likelihood Total and Partial Sums +++
  -3448.02188955152
  EtaPi	-3448.02188955152
+++ Fitter Information +++
  lastMinuitCommand	1
  lastMinuitCommandStatus	0
  eMatrixStatus	3
  minuitPrecision	1e-13
  minuitStrategy	1
  estDistToMinimum	3.63015843456024e-05
  bestMinimum	-3448.02188955152
+++ Parameter Values and Errors +++
  14
  EtaPi::Negative::S0-_re	4.92771527777196
  EtaPi::Negative::S0-_im	0
  EtaPi::Negative::P0-_re	-14.9112213104889
  EtaPi::Negative::P0-_im	5.15591812752125
  EtaPi::Negative::P1-_re	-10.4954643792229
  EtaPi::Negative::P1-_im	-1.08477571534391
  EtaPi::Negative::D0-_re	14.6829778991503
  EtaPi::Negative::D0-_im	57.6707025931694
  EtaPi::Negative::D1-_re	-7.65290363799627
  EtaPi::Negative::D1-_im	2.15068830023842
  EtaPi::Positive::P1+_re	-11.918556584911
  EtaPi::Positive::P1+_im	-7.49417910034244
  EtaPi::Positive::D1+_re	1.52593137102967
  EtaPi::Positive::D1+_im	0
  35.7757561431769	  0	  -29.0996177549424	  -28.5585859206772	  -2.03599776817363	  -31.2350519933641	  -153.28849978354	  34.9725140479003	  -3.04851879252838	  -22.8348122630175	  -44.4496650459568	  96.6488969247	  -34.970935958932	  0	
  0	  0	  0	  0	  0	  0	  0	  0	  0	  0	  0	  0	  0	  0	
  -29.0996177549424	  0	  78.3543026556807	  61.6608692226358	  -1.03207865925126	  61.5012368714613	  320.575155495253	  -75.3838497178468	  5.9520764656108	  47.71004279202	  9.97327324644929	  -85.1323992184908	  39.3655546268507	  0	
  -28.5585859206772	  0	  61.6608692226358	  91.2489486763846	  -9.94995716501718	  76.6883719324708	  391.427350983433	  -99.1617297099894	  12.6694880377757	  53.4693585990571	  4.10119295126221	  -68.7281816184976	  38.293437721393	  0	
  -2.03599776817363	  0	  -1.03207865925126	  -9.94995716501718	  16.0740610492356	  -8.03207005712712	  -33.3063256479032	  11.9137561615722	  -3.62118116900907	  -1.64514405855876	  -0.988116045946546	  7.32313854588216	  -4.03751629072126	  0	
  -31.2350519933641	  0	  61.5012368714613	  76.6883719324708	  -8.03207005712712	  75.2074295315986	  358.583276378218	  -89.3906338921977	  11.1307905798091	  49.4204972413562	  11.7471964501286	  -80.7940196998358	  40.102374240749	  0	
  -153.28849978354	  0	  320.575155495253	  391.427350983433	  -33.3063256479032	  358.583276378218	  1833.20989841012	  -454.228006966959	  51.2087020057145	  254.234914076054	  45.9046795020973	  -388.925855533287	  197.957166485026	  0	
  34.9725140479003	  0	  -75.3838497178468	  -99.1617297099894	  11.9137561615722	  -89.3906338921977	  -454.228006966959	  118.328289160917	  -13.5826235252181	  -62.2859770394015	  -1.89169740684761	  84.8771748000282	  -46.9339102227436	  0	
  -3.04851879252838	  0	  5.9520764656108	  12.6694880377757	  -3.62118116900907	  11.1307905798091	  51.2087020057145	  -13.5826235252181	  10.0248956518659	  5.05005610718041	  1.38458069609225	  -12.0069988383043	  6.04498424895247	  0	
  -22.8348122630175	  0	  47.71004279202	  53.4693585990571	  -1.64514405855876	  49.4204972413562	  254.234914076054	  -62.2859770394015	  5.05005610718041	  42.4819329621111	  4.82791214043983	  -53.1236114982401	  27.2496810185651	  0	
  -44.4496650459568	  0	  9.97327324644929	  4.10119295126221	  -0.988116045946546	  11.7471964501286	  45.9046795020973	  -1.89169740684761	  1.38458069609225	  4.82791214043983	  1671.54230120339	  -2601.75993449098	  297.23779936669	  0	
  96.6488969247	  0	  -85.1323992184908	  -68.7281816184976	  7.32313854588216	  -80.7940196998358	  -388.925855533287	  84.8771748000282	  -12.0069988383043	  -53.1236114982401	  -2601.75993449098	  4172.42426791586	  -506.094387678284	  0	
  -34.970935958932	  0	  39.3655546268507	  38.293437721393	  -4.03751629072126	  40.102374240749	  197.957166485026	  -46.9339102227436	  6.04498424895247	  27.2496810185651	  297.23779936669	  -506.094387678284	  99.1213724662005	  0	
  0	  0	  0	  0	  0	  0	  0	  0	  0	  0	  0	  0	  0	  0	
+++ Normalization Integrals +++
  EtaPi
8587	8587
7
EtaPi::Negative::S0-
EtaPi::Negative::P0-
EtaPi::Negative::P1-
EtaPi::Negative::D0-
EtaPi::Negative::D1-
EtaPi::Positive::P1+
EtaPi::Positive::D1+
(0.079577285459653,0)	(-0.000578901520991259,-0)	(-0.000593408956278255,-0)	(0.000488309009108813,-0)	(0.000285254016351778,-0)	(0,-0)	(0,-0)	
(-0.000578901520991259,0)	(0.0800140423149957,0)	(0.000220956810953844,-0)	(-0.000519438770399277,-0)	(-0.000315928069991585,-0)	(0,-0)	(0,-0)	
(-0.000593408956278255,0)	(0.000220956810953844,0)	(0.0804829771416305,0)	(0.000389849647966388,-0)	(-0.00076573737408512,-0)	(0,-0)	(0,-0)	
(0.000488309009108813,0)	(-0.000519438770399277,0)	(0.000389849647966388,0)	(0.0795030893689184,0)	(0.001807330112647,-0)	(0,-0)	(0,-0)	
(0.000285254016351778,0)	(-0.000315928069991585,0)	(-0.00076573737408512,0)	(0.001807330112647,0)	(0.0802645447552582,0)	(0,-0)	(0,-0)	
(0,0)	(0,0)	(0,0)	(0,0)	(0,0)	(0.0782348369222893,0)	(-0.000129183698008632,-0)	
(0,0)	(0,0)	(0,0)	(0,0)	(0,0)	(-0.000129183698008632,0)	(0.0797168823772399,0)	
(0.079577285459653,0)	(-0.000578901520991259,-0)	(-0.000593408956278255,-0)	(0.000488309009108813,-0)	(0.000285254016351778,-0)	(0,-0)	(0,-0)	
(-0.000578901520991259,0)	(0.0800140423149957,0)	(0.000220956810953844,-0)	(-0.000519438770399277,-0)	(-0.000315928069991585,-0)	(0,-0)	(0,-0)	
(-0.000593408956278255,0)	(0.000220956810953844,0)	(0.0804829771416305,0)	(0.000389849647966388,-0)	(-0.00076573737408512,-0)	(0,-0)	(0,-0)	
(0.000488309009108813,0)	(-0.000519438770399277,0)	(0.000389849647966388,0)	(0.0795030893689184,0)	(0.001807330112647,-0)	(0,-0)	(0,-0)	
(0.000285254016351778,0)	(-0.000315928069991585,0)	(-0.00076573737408512,0)	(0.001807330112647,0)	(0.0802645447552582,0)	(0,-0)	(0,-0)	
(0,0)	(0,0)	(0,0)	(0,0)	(0,0)	(0.0782348369222893,0)	(-0.000129183698008632,-0)	
(0,0)	(0,0)	(0,0)	(0,0)	(0,0)	(-0.000129183698008632,0)	(0.0797168823772399,0)	
+++ Below these two lines is a config file that is   +++
+++ functionally equivalent to that used in the fit. +++
### FIT CONFIGURATION ###
fit bin_50
reaction EtaPi gamma Proton Pi0 Eta
sum EtaPi::Positive
sum EtaPi::Negative
amplitude EtaPi::Negative::S0- TwoPSAngles 0 0 -1
amplitude EtaPi::Negative::P0- TwoPSAngles 1 0 -1
amplitude EtaPi::Negative::P1- TwoPSAngles 1 1 -1
amplitude EtaPi::Negative::D0- TwoPSAngles 2 0 -1
amplitude EtaPi::Negative::D1- TwoPSAngles 2 1 -1
amplitude EtaPi::Positive::P1+ TwoPSAngles 1 1 1
amplitude EtaPi::Positive::D1+ TwoPSAngles 2 1 1
scale EtaPi::Negative::S0- 1.0
scale EtaPi::Negative::P0- 1.0
scale EtaPi::Negative::P1- 1.0
scale EtaPi::Negative::D0- 1.0
scale EtaPi::Negative::D1- 1.0
scale EtaPi::Positive::P1+ 1.0
scale EtaPi::Positive::D1+ 1.0
initialize EtaPi::Negative::S0- cartesian 111.19269247 0 real
initialize EtaPi::Negative::P0- cartesian 31.72788528 25.2477274057
initialize EtaPi::Negative::P1- cartesian 36.9193328835 14.696572092
initialize EtaPi::Negative::D0- cartesian 347.536651087 69.02034706
initialize EtaPi::Negative::D1- cartesian -7.99154896174 8.33303495594
initialize EtaPi::Positive::P1+ cartesian 29.3637399772 -24.6011305929
initialize EtaPi::Positive::D1+ cartesian 76.17927103 0 real
data EtaPi ROOTDataReader data_pi0eta_tLT1_50.root
genmc EtaPi ROOTDataReader thrown_pi0eta_tLT1_50.root
accmc EtaPi ROOTDataReader reco_pi0eta_tLT1_50.root
normintfile EtaPi bin_50.ni
