
## CONFIGURATION INFO DISPLAY ##

############################################
#############   REACTION INFO  #############
############################################
      REACTION NAME:  EtaPi
      PARTICLE LIST:  4
		1.  gamma
		2.  Proton
		3.  Pi0
		4.  Eta
        DATA READER:  ROOTDataReader
				data_pi0eta_tLT1_50.root
      ACC MC READER:  ROOTDataReader
				reco_pi0eta_tLT1_50.root
      GEN MC READER:  ROOTDataReader
				thrown_pi0eta_tLT1_50.root
  NORMALIZATION INTEGRAL FILE: 
		    bin_50.ni
********************************************
***********  COHERENT SUM INFO  ************
********************************************
      REACTION NAME:  EtaPi
  COHERENT SUM NAME:  Positive
++++++++++++++++++++++++++++++++++++++++++++
+++++++++++++  AMPLITUDE INFO  +++++++++++++
++++++++++++++++++++++++++++++++++++++++++++
      REACTION NAME:  EtaPi
  COHERENT SUM NAME:  Positive
     AMPLITUDE NAME:  P1+
            FACTORS:  1
		1.   TwoPSAngles 1 1 1
       PERMUTATIONS:  0
        CONSTRAINTS:  0
         PARAMETERS:  0
      INITIAL VALUE:  (29.3637,-24.6011)
               REAL?  0
              FIXED?  0
              SCALE:  1.0
++++++++++++++++++++++++++++++++++++++++++++
+++++++++++++  AMPLITUDE INFO  +++++++++++++
++++++++++++++++++++++++++++++++++++++++++++
      REACTION NAME:  EtaPi
  COHERENT SUM NAME:  Positive
     AMPLITUDE NAME:  D1+
            FACTORS:  1
		1.   TwoPSAngles 2 1 1
       PERMUTATIONS:  0
        CONSTRAINTS:  0
         PARAMETERS:  0
      INITIAL VALUE:  (76.1793,0)
               REAL?  1
              FIXED?  0
              SCALE:  1.0
********************************************
***********  COHERENT SUM INFO  ************
********************************************
      REACTION NAME:  EtaPi
  COHERENT SUM NAME:  Negative
++++++++++++++++++++++++++++++++++++++++++++
+++++++++++++  AMPLITUDE INFO  +++++++++++++
++++++++++++++++++++++++++++++++++++++++++++
      REACTION NAME:  EtaPi
  COHERENT SUM NAME:  Negative
     AMPLITUDE NAME:  S0-
            FACTORS:  1
		1.   TwoPSAngles 0 0 -1
       PERMUTATIONS:  0
        CONSTRAINTS:  0
         PARAMETERS:  0
      INITIAL VALUE:  (111.193,0)
               REAL?  1
              FIXED?  0
              SCALE:  1.0
++++++++++++++++++++++++++++++++++++++++++++
+++++++++++++  AMPLITUDE INFO  +++++++++++++
++++++++++++++++++++++++++++++++++++++++++++
      REACTION NAME:  EtaPi
  COHERENT SUM NAME:  Negative
     AMPLITUDE NAME:  P0-
            FACTORS:  1
		1.   TwoPSAngles 1 0 -1
       PERMUTATIONS:  0
        CONSTRAINTS:  0
         PARAMETERS:  0
      INITIAL VALUE:  (31.7279,25.2477)
               REAL?  0
              FIXED?  0
              SCALE:  1.0
++++++++++++++++++++++++++++++++++++++++++++
+++++++++++++  AMPLITUDE INFO  +++++++++++++
++++++++++++++++++++++++++++++++++++++++++++
      REACTION NAME:  EtaPi
  COHERENT SUM NAME:  Negative
     AMPLITUDE NAME:  P1-
            FACTORS:  1
		1.   TwoPSAngles 1 1 -1
       PERMUTATIONS:  0
        CONSTRAINTS:  0
         PARAMETERS:  0
      INITIAL VALUE:  (36.9193,14.6966)
               REAL?  0
              FIXED?  0
              SCALE:  1.0
++++++++++++++++++++++++++++++++++++++++++++
+++++++++++++  AMPLITUDE INFO  +++++++++++++
++++++++++++++++++++++++++++++++++++++++++++
      REACTION NAME:  EtaPi
  COHERENT SUM NAME:  Negative
     AMPLITUDE NAME:  D0-
            FACTORS:  1
		1.   TwoPSAngles 2 0 -1
       PERMUTATIONS:  0
        CONSTRAINTS:  0
         PARAMETERS:  0
      INITIAL VALUE:  (347.537,69.0203)
               REAL?  0
              FIXED?  0
              SCALE:  1.0
++++++++++++++++++++++++++++++++++++++++++++
+++++++++++++  AMPLITUDE INFO  +++++++++++++
++++++++++++++++++++++++++++++++++++++++++++
      REACTION NAME:  EtaPi
  COHERENT SUM NAME:  Negative
     AMPLITUDE NAME:  D1-
            FACTORS:  1
		1.   TwoPSAngles 2 1 -1
       PERMUTATIONS:  0
        CONSTRAINTS:  0
         PARAMETERS:  0
      INITIAL VALUE:  (-7.99155,8.33303)
               REAL?  0
              FIXED?  0
              SCALE:  1.0
 **********
 **    1 **SET STRATEGY  1
 **********
 NOW USING STRATEGY  1: TRY TO BALANCE SPEED AGAINST RELIABILITY
 **********
 **    2 **SET EPS  1e-13
 **********
 FLOATING-POINT NUMBERS ASSUMED ACCURATE TO 1e-13

## AMPLITUDE MANAGER INITIALIZATION ##
 Creating amplitude manager for reaction:  EtaPi
	 particle index assignment:  gamma -->> 0
	 particle index assignment:  Proton -->> 1
	 particle index assignment:  Pi0 -->> 2
	 particle index assignment:  Eta -->> 3
 PARAMETER DEFINITIONS:
    NO.   NAME                 VALUE      STEP SIZE      LIMITS
     1 EtaPi::Negative::S0-_re       111.19       1.1119     no limits
     2 EtaPi::Negative::P0-_re       31.728      0.31728     no limits
     3 EtaPi::Negative::P0-_im       25.248      0.25248     no limits
     4 EtaPi::Negative::P1-_re       36.919      0.36919     no limits
     5 EtaPi::Negative::P1-_im       14.697      0.14697     no limits
     6 EtaPi::Negative::D0-_re       347.54       3.4754     no limits
     7 EtaPi::Negative::D0-_im        69.02       0.6902     no limits
     8 EtaPi::Negative::D1-_re      -7.9915     0.079915     no limits
     9 EtaPi::Negative::D1-_im        8.333      0.08333     no limits
    10 EtaPi::Positive::P1+_re       29.364      0.29364     no limits
    11 EtaPi::Positive::P1+_im      -24.601      0.24601     no limits
    12 EtaPi::Positive::D1+_re       76.179      0.76179     no limits
Allocating Data and Amplitude Array in LikelihoodCalculator for EtaPi...
Resetting source kin in data_pi0eta_tLT1_50.root
	Done.
Loading acccepted Monte Carlo...
Resetting source kin in reco_pi0eta_tLT1_50.root
	Done.
Calculating integrals...
	Done.
LIKELIHOOD BEFORE MINIMIZATION:  17304
 **********
 **    3 **MIGRAD 5000
 **********
 FIRST CALL TO USER FUNCTION AT NEW START POINT, WITH IFLAG=4.
 START MIGRAD MINIMIZATION.  STRATEGY 1.  CONVERGENCE WHEN EDM .LT. 1.00e-04
 FCN=17304.4 FROM MIGRAD     STATUS=INITIATE       46          47 TOTAL

                     EDM= unknown      STRATEGY= 1      NO ERROR MATRIX       
  EXT PARAMETER                          CURRENT GUESS       STEP         FIRST   
  NO.   NAME                   VALUE          ERROR          SIZE      DERIVATIVE 
    1 EtaPi::Negative::S0-_re        111.19        1.1119        1.1119        36.312
    2 EtaPi::Negative::P0-_re        31.728       0.31728       0.31728        9.3639
    3 EtaPi::Negative::P0-_im        25.248       0.25248       0.25248        7.6105
    4 EtaPi::Negative::P1-_re        36.919       0.36919       0.36919        12.893
    5 EtaPi::Negative::P1-_im        14.697       0.14697       0.14697        4.7646
    6 EtaPi::Negative::D0-_re        347.54        3.4754        3.4754        107.05
    7 EtaPi::Negative::D0-_im         69.02        0.6902        0.6902        21.204
    8 EtaPi::Negative::D1-_re       -7.9915      0.079915      0.079915      0.065367
    9 EtaPi::Negative::D1-_im         8.333       0.08333       0.08333        2.6415
   10 EtaPi::Positive::P1+_re        29.364       0.29364       0.29364        8.9489
   11 EtaPi::Positive::P1+_im       -24.601       0.24601       0.24601       -7.2512
   12 EtaPi::Positive::D1+_re        76.179       0.76179       0.76179        23.425

 MIGRAD MINIMIZATION HAS CONVERGED.
 MIGRAD WILL VERIFY CONVERGENCE AND ERROR MATRIX.
 COVARIANCE MATRIX CALCULATED SUCCESSFULLY
 FCN=-3448.02 FROM MIGRAD     STATUS=CONVERGED    2072        2073 TOTAL

                     EDM=3.63016e-05    STRATEGY= 1      ERROR MATRIX ACCURATE 
  EXT PARAMETER                                              STEP         FIRST   
  NO.   NAME                   VALUE          ERROR          SIZE      DERIVATIVE 
    1 EtaPi::Negative::S0-_re        4.9277        5.9813       0.24469    -0.0004337
    2 EtaPi::Negative::P0-_re       -14.911        8.8518       0.22901    0.00025615
    3 EtaPi::Negative::P0-_im        5.1559        9.5524       0.14479   -0.00025756
    4 EtaPi::Negative::P1-_re       -10.495        4.0092       0.21968    0.00047401
    5 EtaPi::Negative::P1-_im       -1.0848        8.6722        0.1423    0.00033378
    6 EtaPi::Negative::D0-_re        14.683        42.816       0.32697   -0.00018455
    7 EtaPi::Negative::D0-_im        57.671        10.878       0.12815    1.9129e-05
    8 EtaPi::Negative::D1-_re       -7.6529        3.1662       0.17777   -0.00013271
    9 EtaPi::Negative::D1-_im        2.1507        6.5178       0.16251   -0.00022436
   10 EtaPi::Positive::P1+_re       -11.919        40.884       0.29927    0.00024292
   11 EtaPi::Positive::P1+_im       -7.4942        64.594       0.46082    0.00015004
   12 EtaPi::Positive::D1+_re        1.5259         9.956       0.28318    0.00052017

 EXTERNAL ERROR MATRIX.    NDIM= 100    NPAR= 12    ERR DEF=1
        35.8
       -29.1       78.4
       -28.6       61.7       91.2
       -2.04      -1.03      -9.95       16.1
       -31.2       61.5       76.7      -8.03       75.2
        -153        321        391      -33.3        359   1.83e+03
          35      -75.4      -99.2       11.9      -89.4       -454        118
       -3.05       5.95       12.7      -3.62       11.1       51.2      -13.6         10
       -22.8       47.7       53.5      -1.65       49.4        254      -62.3       5.05       42.5
       -44.4       9.97        4.1     -0.988       11.7       45.9      -1.89       1.38       4.83   1.67e+03
        96.6      -85.1      -68.7       7.32      -80.8       -389       84.9        -12      -53.1   -2.6e+03   4.17e+03
         -35       39.4       38.3      -4.04       40.1        198      -46.9       6.04       27.2        297       -506
        99.1
 PARAMETER  CORRELATION COEFFICIENTS  
       NO.  GLOBAL      1      2      3      4      5      6      7      8      9     10     11     12
      1:     0.785  1.000 -0.550 -0.500 -0.085 -0.602 -0.599  0.538 -0.161 -0.586 -0.182  0.250 -0.587
      2:     0.920 -0.550  1.000  0.729 -0.029  0.801  0.846 -0.783  0.212  0.827  0.028 -0.149  0.447
      3:     0.973 -0.500  0.729  1.000 -0.260  0.926  0.957 -0.954  0.419  0.859  0.011 -0.111  0.403
      4:     0.558 -0.085 -0.029 -0.260  1.000 -0.231 -0.194  0.273 -0.285 -0.063 -0.006  0.028 -0.101
      5:     0.969 -0.602  0.801  0.926 -0.231  1.000  0.966 -0.948  0.405  0.874  0.033 -0.144  0.464
      6:     0.993 -0.599  0.846  0.957 -0.194  0.966  1.000 -0.975  0.378  0.911  0.026 -0.141  0.464
      7:     0.984  0.538 -0.783 -0.954  0.273 -0.948 -0.975  1.000 -0.394 -0.879 -0.004  0.121 -0.433
      8:     0.526 -0.161  0.212  0.419 -0.285  0.405  0.378 -0.394  1.000  0.245  0.011 -0.059  0.192
      9:     0.926 -0.586  0.827  0.859 -0.063  0.874  0.911 -0.879  0.245  1.000  0.018 -0.126  0.420
     10:     0.994 -0.182  0.028  0.011 -0.006  0.033  0.026 -0.004  0.011  0.018  1.000 -0.985  0.730
     11:     0.994  0.250 -0.149 -0.111  0.028 -0.144 -0.141  0.121 -0.059 -0.126 -0.985  1.000 -0.787
     12:     0.903 -0.587  0.447  0.403 -0.101  0.464  0.464 -0.433  0.192  0.420  0.730 -0.787  1.000

 MIGRAD evaluation total wall time:  0.13512 s.
    average time per function call:  0.065152 ms.

LIKELIHOOD AFTER MINIMIZATION:  -3448
Loading generated Monte Carlo...
Resetting source kin in thrown_pi0eta_tLT1_50.root
	Done.
Calculating integrals...
	Done.
Loading acccepted Monte Carlo...
Resetting source kin in reco_pi0eta_tLT1_50.root
	Done.
Calculating integrals...
	Done.
