*** DO NOT EDIT THIS FILE - IT IS FORMATTED FOR INPUT ***
+++ Reactions, Amplitudes, and Scale Parameters +++
  1
  EtaPi	7
  EtaPi::Negative::S0-	-	1
  EtaPi::Negative::P0-	-	1
  EtaPi::Negative::P1-	-	1
  EtaPi::Negative::D0-	-	1
  EtaPi::Negative::D1-	-	1
  EtaPi::Positive::P1+	-	1
  EtaPi::Positive::D1+	-	1
+++ Likelihood Total and Partial Sums +++
  -142813.664006877
  EtaPi	-142813.664006877
+++ Fitter Information +++
  lastMinuitCommand	1
  lastMinuitCommandStatus	0
  eMatrixStatus	3
  minuitPrecision	1e-13
  minuitStrategy	1
  estDistToMinimum	1.94789272529591e-05
  bestMinimum	-142813.664006877
+++ Parameter Values and Errors +++
  14
  EtaPi::Negative::S0-_re	3.04566545116117
  EtaPi::Negative::S0-_im	0
  EtaPi::Negative::P0-_re	4.66918808795195
  EtaPi::Negative::P0-_im	-2.17491670812804
  EtaPi::Negative::P1-_re	-3.95747602711749
  EtaPi::Negative::P1-_im	53.3248918021266
  EtaPi::Negative::D0-_re	317.572027553813
  EtaPi::Negative::D0-_im	23.87506627329
  EtaPi::Negative::D1-_re	1.64999414320814
  EtaPi::Negative::D1-_im	-2.04893154348168
  EtaPi::Positive::P1+_re	0.870397804199898
  EtaPi::Positive::P1+_im	-40.0602119512445
  EtaPi::Positive::D1+_re	-0.981445031915605
  EtaPi::Positive::D1+_im	0
  1.32488325645801	  0	  0.0110396547291545	  0.00958882934904242	  -0.00782843453630746	  0.0880969746012369	  -0.0191657783795722	  -0.00223236638511894	  0.00773937822562997	  0.00642505524130018	  0.0112715665128872	  -0.0624715020630139	  -0.000478148947341713	  0	
  0	  0	  0	  0	  0	  0	  0	  0	  0	  0	  0	  0	  0	  0	
  0.0110396547291545	  0	  1.3078037341146	  -0.0464867315103912	  0.00437252004653657	  0.00523783303968656	  0.00285314443898133	  0.00649155643036725	  0.00535482829108406	  -0.00670003212696944	  0.0015792719085336	  -0.00794195043151028	  0.000321865051657281	  0	
  0.00958882934904242	  0	  -0.0464867315103912	  1.89155033095417	  0.00535701181148849	  0.00334537171312678	  0.00400617948082372	  0.00270274189685745	  -0.00761368384094562	  -0.00847349078436802	  -0.000179919972243768	  0.00132812557270627	  6.97944035440698e-06	  0	
  -0.00782843453630746	  0	  0.00437252004653657	  0.00535701181148849	  1.33149356061205	  -0.0431782309831001	  0.0156903558337304	  -0.112055152098719	  0.00226666824190918	  0.00769880786476845	  0.000741502069984869	  -0.00552939003847644	  0.000400179660224586	  0	
  0.0880969746012369	  0	  0.00523783303968656	  0.00334537171312678	  -0.0431782309831001	  1.82368116290045	  -0.0970368601740414	  -0.0203516699618647	  0.00846522626724986	  0.0197421512618217	  -0.0072283997933422	  0.0418014371532967	  -0.0019548423126188	  0	
  -0.0191657783795722	  0	  0.00285314443898133	  0.00400617948082372	  0.0156903558337304	  -0.0970368601740414	  1.25318941886316	  -0.0591759316573484	  0.000194569734651498	  0.00248111524970973	  -0.0132552103894958	  0.0712286745135958	  -0.00172505463746469	  0	
  -0.00223236638511894	  0	  0.00649155643036725	  0.00270274189685745	  -0.112055152098719	  -0.0203516699618647	  -0.0591759316573484	  1.97648545728697	  0.00487795387423317	  0.00301083653555016	  -0.00108075227433524	  0.00553307684486843	  -9.19676319703878e-05	  0	
  0.00773937822562997	  0	  0.00535482829108406	  -0.00761368384094562	  0.00226666824190918	  0.00846522626724986	  0.000194569734651498	  0.00487795387423317	  1.36475350861368	  -0.0405572694258796	  0.0013030328868901	  -0.00868066840223902	  0.000583275531733277	  0	
  0.00642505524130018	  0	  -0.00670003212696944	  -0.00847349078436802	  0.00769880786476845	  0.0197421512618217	  0.00248111524970973	  0.00301083653555016	  -0.0405572694258796	  1.76623831756265	  0.00121735719715125	  0.00308039064107502	  -0.00162986504882177	  0	
  0.0112715665128872	  0	  0.0015792719085336	  -0.000179919972243768	  0.000741502069984869	  -0.0072283997933422	  -0.0132552103894958	  -0.00108075227433524	  0.0013030328868901	  0.00121735719715125	  1.99625843675819	  0.0247460429314478	  -0.00691995271762107	  0	
  -0.0624715020630139	  0	  -0.00794195043151028	  0.00132812557270627	  -0.00552939003847644	  0.0418014371532967	  0.0712286745135958	  0.00553307684486843	  -0.00868066840223902	  0.00308039064107502	  0.0247460429314478	  1.85657074551846	  0.00669079613066782	  0	
  -0.000478148947341713	  0	  0.000321865051657281	  6.97944035440698e-06	  0.000400179660224586	  -0.0019548423126188	  -0.00172505463746469	  -9.19676319703878e-05	  0.000583275531733277	  -0.00162986504882177	  -0.00691995271762107	  0.00669079613066782	  2.00005490345829	  0	
  0	  0	  0	  0	  0	  0	  0	  0	  0	  0	  0	  0	  0	  0	
+++ Normalization Integrals +++
  EtaPi
8432	8432
7
EtaPi::Negative::S0-
EtaPi::Negative::P0-
EtaPi::Negative::P1-
EtaPi::Negative::D0-
EtaPi::Negative::D1-
EtaPi::Positive::P1+
EtaPi::Positive::D1+
(0.0795772854596528,0)	(-0.00181358179682305,-0)	(-0.000181520502839013,-0)	(-0.000604608572422844,-0)	(-0.00109993936034823,-0)	(0,-0)	(0,-0)	
(-0.00181358179682305,0)	(0.0790365071125514,0)	(-0.000852009364893347,-0)	(-0.000996083206690266,-0)	(7.91890382340259e-05,-0)	(0,-0)	(0,-0)	
(-0.000181520502839013,0)	(-0.000852009364893347,0)	(0.0800920608260002,0)	(0.000271525810640921,-0)	(-0.00188962968476076,-0)	(0,-0)	(0,-0)	
(-0.000604608572422844,0)	(-0.000996083206690266,0)	(0.000271525810640921,0)	(0.0794373673565481,0)	(-0.000599871700334525,-0)	(0,-0)	(0,-0)	
(-0.00109993936034823,0)	(7.91890382340259e-05,0)	(-0.00188962968476076,0)	(-0.000599871700334525,0)	(0.0788100579300199,0)	(0,-0)	(0,-0)	
(0,0)	(0,0)	(0,0)	(0,0)	(0,0)	(0.0796032884403635,0)	(-0.0016428405642572,-0)	
(0,0)	(0,0)	(0,0)	(0,0)	(0,0)	(-0.0016428405642572,0)	(0.0796297732148995,0)	
(0.0795772854596528,0)	(-0.00181358179682305,-0)	(-0.000181520502839013,-0)	(-0.000604608572422844,-0)	(-0.00109993936034823,-0)	(0,-0)	(0,-0)	
(-0.00181358179682305,0)	(0.0790365071125514,0)	(-0.000852009364893347,-0)	(-0.000996083206690266,-0)	(7.91890382340259e-05,-0)	(0,-0)	(0,-0)	
(-0.000181520502839013,0)	(-0.000852009364893347,0)	(0.0800920608260002,0)	(0.000271525810640921,-0)	(-0.00188962968476076,-0)	(0,-0)	(0,-0)	
(-0.000604608572422844,0)	(-0.000996083206690266,0)	(0.000271525810640921,0)	(0.0794373673565481,0)	(-0.000599871700334525,-0)	(0,-0)	(0,-0)	
(-0.00109993936034823,0)	(7.91890382340259e-05,0)	(-0.00188962968476076,0)	(-0.000599871700334525,0)	(0.0788100579300199,0)	(0,-0)	(0,-0)	
(0,0)	(0,0)	(0,0)	(0,0)	(0,0)	(0.0796032884403635,0)	(-0.0016428405642572,-0)	
(0,0)	(0,0)	(0,0)	(0,0)	(0,0)	(-0.0016428405642572,0)	(0.0796297732148995,0)	
+++ Below these two lines is a config file that is   +++
+++ functionally equivalent to that used in the fit. +++
### FIT CONFIGURATION ###
fit bin_28
reaction EtaPi gamma Proton Pi0 Eta
sum EtaPi::Positive
sum EtaPi::Negative
amplitude EtaPi::Negative::S0- TwoPSAngles 0 0 -1
amplitude EtaPi::Negative::P0- TwoPSAngles 1 0 -1
amplitude EtaPi::Negative::P1- TwoPSAngles 1 1 -1
amplitude EtaPi::Negative::D0- TwoPSAngles 2 0 -1
amplitude EtaPi::Negative::D1- TwoPSAngles 2 1 -1
amplitude EtaPi::Positive::P1+ TwoPSAngles 1 1 1
amplitude EtaPi::Positive::D1+ TwoPSAngles 2 1 1
scale EtaPi::Negative::S0- 1.0
scale EtaPi::Negative::P0- 1.0
scale EtaPi::Negative::P1- 1.0
scale EtaPi::Negative::D0- 1.0
scale EtaPi::Negative::D1- 1.0
scale EtaPi::Positive::P1+ 1.0
scale EtaPi::Positive::D1+ 1.0
initialize EtaPi::Negative::S0- cartesian 277.279267225 0 real
initialize EtaPi::Negative::P0- cartesian 16.5097874768 34.7813789472
initialize EtaPi::Negative::P1- cartesian 24.074328196 62.3837124136
initialize EtaPi::Negative::D0- cartesian 266.51186555 85.0404563054
initialize EtaPi::Negative::D1- cartesian -1.43421455783 9.73365265304
initialize EtaPi::Positive::P1+ cartesian 49.8967383194 -20.0457308924
initialize EtaPi::Positive::D1+ cartesian 71.9421389061 0 real
data EtaPi ROOTDataReader data_pi0eta_tLT1_28.root
genmc EtaPi ROOTDataReader thrown_pi0eta_tLT1_28.root
accmc EtaPi ROOTDataReader reco_pi0eta_tLT1_28.root
normintfile EtaPi bin_28.ni
