*** DO NOT EDIT THIS FILE - IT IS FORMATTED FOR INPUT ***
+++ Reactions, Amplitudes, and Scale Parameters +++
  1
  EtaPi	7
  EtaPi::Negative::S0-	-	1
  EtaPi::Negative::P0-	-	1
  EtaPi::Negative::P1-	-	1
  EtaPi::Negative::D0-	-	1
  EtaPi::Negative::D1-	-	1
  EtaPi::Positive::P1+	-	1
  EtaPi::Positive::D1+	-	1
+++ Likelihood Total and Partial Sums +++
  -97403.1474429542
  EtaPi	-97403.1474429542
+++ Fitter Information +++
  lastMinuitCommand	1
  lastMinuitCommandStatus	0
  eMatrixStatus	3
  minuitPrecision	1e-13
  minuitStrategy	1
  estDistToMinimum	0.00132568927743345
  bestMinimum	-97403.1474429542
+++ Parameter Values and Errors +++
  14
  EtaPi::Negative::S0-_re	-10.0878462872064
  EtaPi::Negative::S0-_im	0
  EtaPi::Negative::P0-_re	0.248877398460178
  EtaPi::Negative::P0-_im	5.03967993328252
  EtaPi::Negative::P1-_re	45.3175040068
  EtaPi::Negative::P1-_im	8.39342657446253
  EtaPi::Negative::D0-_re	61.3219115745926
  EtaPi::Negative::D0-_im	-255.459200188334
  EtaPi::Negative::D1-_re	4.93263894843918
  EtaPi::Negative::D1-_im	1.74387132437499
  EtaPi::Positive::P1+_re	13.3541146596375
  EtaPi::Positive::P1+_im	-50.8522724407996
  EtaPi::Positive::D1+_re	12.9300863092309
  EtaPi::Positive::D1+_im	0
  19.5755371181236	  0	  -1.6072549796796	  -0.108202603505726	  -0.529748785102695	  33.8874889238765	  193.423750296802	  49.5924972162908	  -5.91952915301402	  2.7385922710514	  9.01210846893326	  0.449211229665865	  -5.43830088577837	  0	
  0	  0	  0	  0	  0	  0	  0	  0	  0	  0	  0	  0	  0	  0	
  -1.6072549796796	  0	  5.88694174678595	  2.20353055328962	  1.42462306675606	  -10.1540357738698	  -59.4771724766486	  -15.8649823351667	  -0.186956322951068	  -1.25500386632779	  13.8481750983266	  -5.16660567272948	  -20.7060544068342	  0	
  -0.108202603505726	  0	  2.20353055328962	  6.16888481322504	  -1.20380309738844	  1.54636073088918	  9.80783769281021	  1.90167401333652	  -0.640987449725644	  -0.0384875163908748	  2.04614333410017	  1.25073148295911	  1.67575993057441	  0	
  -0.529748785102695	  0	  1.42462306675606	  -1.20380309738844	  27.4453150391427	  -41.4707073005967	  -272.445495295817	  -61.5557692569495	  3.44251154942674	  -6.56833141764588	  25.0262622676799	  -16.4683412447658	  -56.3985110474458	  0	
  33.8874889238765	  0	  -10.1540357738698	  1.54636073088918	  -41.4707073005967	  161.656834352859	  945.219458201961	  226.233171885895	  -19.8217593602698	  18.225356970865	  -58.9256960283888	  47.2239700951448	  125.035751064107	  0	
  193.423750296802	  0	  -59.4771724766486	  9.80783769281021	  -272.445495295817	  945.219458201961	  5709.57358600631	  1360.33787472558	  -115.049077575881	  112.685395863813	  -367.319592725801	  298.149822474607	  796.666473825359	  0	
  49.5924972162908	  0	  -15.8649823351667	  1.90167401333652	  -61.5557692569495	  226.233171885895	  1360.33787472558	  330.755877943302	  -27.2953311434851	  26.5309862015438	  -81.5642993714236	  67.5860066056315	  184.140833385552	  0	
  -5.91952915301402	  0	  -0.186956322951068	  -0.640987449725644	  3.44251154942674	  -19.8217593602698	  -115.049077575881	  -27.2953311434851	  7.43692668637744	  -0.469050221612852	  -4.4588898978466	  -7.40094963620385	  -9.30383335806088	  0	
  2.7385922710514	  0	  -1.25500386632779	  -0.0384875163908748	  -6.56833141764588	  18.225356970865	  112.685395863813	  26.5309862015438	  -0.469050221612852	  7.42757384441584	  -12.0872324481573	  6.22975968479649	  17.3091277138754	  0	
  9.01210846893326	  0	  13.8481750983266	  2.04614333410017	  25.0262622676799	  -58.9256960283888	  -367.319592725801	  -81.5642993714236	  -4.4588898978466	  -12.0872324481573	  230.205849980507	  -43.7357195587853	  -194.245575149351	  0	
  0.449211229665865	  0	  -5.16660567272948	  1.25073148295911	  -16.4683412447658	  47.2239700951448	  298.149822474607	  67.5860066056315	  -7.40094963620385	  6.22975968479649	  -43.7357195587853	  52.8988782948218	  103.548093312968	  0	
  -5.43830088577837	  0	  -20.7060544068342	  1.67575993057441	  -56.3985110474458	  125.035751064107	  796.666473825359	  184.140833385552	  -9.30383335806088	  17.3091277138754	  -194.245575149351	  103.548093312968	  340.287258603122	  0	
  0	  0	  0	  0	  0	  0	  0	  0	  0	  0	  0	  0	  0	  0	
+++ Normalization Integrals +++
  EtaPi
8261	8261
7
EtaPi::Negative::S0-
EtaPi::Negative::P0-
EtaPi::Negative::P1-
EtaPi::Negative::D0-
EtaPi::Negative::D1-
EtaPi::Positive::P1+
EtaPi::Positive::D1+
(0.0795772854596526,0)	(0.00100254009339706,-0)	(-0.000386715172259109,-0)	(0.00225280308841072,-0)	(-0.000249888045454891,-0)	(0,-0)	(0,-0)	
(0.00100254009339706,0)	(0.0815922537978815,0)	(-0.000193562447692623,-0)	(0.00176634663165777,-0)	(-0.00019663120882201,-0)	(0,-0)	(0,-0)	
(-0.000386715172259109,0)	(-0.000193562447692623,0)	(0.0774831692735784,0)	(0.000262073084534252,-0)	(-0.000219689768800331,-0)	(0,-0)	(0,-0)	
(0.00225280308841072,0)	(0.00176634663165777,0)	(0.000262073084534252,0)	(0.0813178536070881,0)	(-0.00012602300163977,-0)	(0,-0)	(0,-0)	
(-0.000249888045454891,0)	(-0.00019663120882201,0)	(-0.000219689768800331,0)	(-0.00012602300163977,0)	(0.0806403001182773,0)	(0,-0)	(0,-0)	
(0,0)	(0,0)	(0,0)	(0,0)	(0,0)	(0.079656433307455,0)	(0.000768635752682085,-0)	
(0,0)	(0,0)	(0,0)	(0,0)	(0,0)	(0.000768635752682085,0)	(0.079551793834805,0)	
(0.0795772854596526,0)	(0.00100254009339706,-0)	(-0.000386715172259109,-0)	(0.00225280308841072,-0)	(-0.000249888045454891,-0)	(0,-0)	(0,-0)	
(0.00100254009339706,0)	(0.0815922537978815,0)	(-0.000193562447692623,-0)	(0.00176634663165777,-0)	(-0.00019663120882201,-0)	(0,-0)	(0,-0)	
(-0.000386715172259109,0)	(-0.000193562447692623,0)	(0.0774831692735784,0)	(0.000262073084534252,-0)	(-0.000219689768800331,-0)	(0,-0)	(0,-0)	
(0.00225280308841072,0)	(0.00176634663165777,0)	(0.000262073084534252,0)	(0.0813178536070881,0)	(-0.00012602300163977,-0)	(0,-0)	(0,-0)	
(-0.000249888045454891,0)	(-0.00019663120882201,0)	(-0.000219689768800331,0)	(-0.00012602300163977,0)	(0.0806403001182773,0)	(0,-0)	(0,-0)	
(0,0)	(0,0)	(0,0)	(0,0)	(0,0)	(0.079656433307455,0)	(0.000768635752682085,-0)	
(0,0)	(0,0)	(0,0)	(0,0)	(0,0)	(0.000768635752682085,0)	(0.079551793834805,0)	
+++ Below these two lines is a config file that is   +++
+++ functionally equivalent to that used in the fit. +++
### FIT CONFIGURATION ###
fit bin_27
reaction EtaPi gamma Proton Pi0 Eta
sum EtaPi::Positive
sum EtaPi::Negative
amplitude EtaPi::Negative::S0- TwoPSAngles 0 0 -1
amplitude EtaPi::Negative::P0- TwoPSAngles 1 0 -1
amplitude EtaPi::Negative::P1- TwoPSAngles 1 1 -1
amplitude EtaPi::Negative::D0- TwoPSAngles 2 0 -1
amplitude EtaPi::Negative::D1- TwoPSAngles 2 1 -1
amplitude EtaPi::Positive::P1+ TwoPSAngles 1 1 1
amplitude EtaPi::Positive::D1+ TwoPSAngles 2 1 1
scale EtaPi::Negative::S0- 1.0
scale EtaPi::Negative::P0- 1.0
scale EtaPi::Negative::P1- 1.0
scale EtaPi::Negative::D0- 1.0
scale EtaPi::Negative::D1- 1.0
scale EtaPi::Positive::P1+ 1.0
scale EtaPi::Positive::D1+ 1.0
initialize EtaPi::Negative::S0- cartesian 277.279267225 0 real
initialize EtaPi::Negative::P0- cartesian 16.5097874768 34.7813789472
initialize EtaPi::Negative::P1- cartesian 24.074328196 62.3837124136
initialize EtaPi::Negative::D0- cartesian 266.51186555 85.0404563054
initialize EtaPi::Negative::D1- cartesian -1.43421455783 9.73365265304
initialize EtaPi::Positive::P1+ cartesian 49.8967383194 -20.0457308924
initialize EtaPi::Positive::D1+ cartesian 71.9421389061 0 real
data EtaPi ROOTDataReader data_pi0eta_tLT1_27.root
genmc EtaPi ROOTDataReader thrown_pi0eta_tLT1_27.root
accmc EtaPi ROOTDataReader reco_pi0eta_tLT1_27.root
normintfile EtaPi bin_27.ni
