
## CONFIGURATION INFO DISPLAY ##

############################################
#############   REACTION INFO  #############
############################################
      REACTION NAME:  EtaPi
      PARTICLE LIST:  4
		1.  gamma
		2.  Proton
		3.  Pi0
		4.  Eta
        DATA READER:  ROOTDataReader
				data_pi0eta_tLT1_27.root
      ACC MC READER:  ROOTDataReader
				reco_pi0eta_tLT1_27.root
      GEN MC READER:  ROOTDataReader
				thrown_pi0eta_tLT1_27.root
  NORMALIZATION INTEGRAL FILE: 
		    bin_27.ni
********************************************
***********  COHERENT SUM INFO  ************
********************************************
      REACTION NAME:  EtaPi
  COHERENT SUM NAME:  Positive
++++++++++++++++++++++++++++++++++++++++++++
+++++++++++++  AMPLITUDE INFO  +++++++++++++
++++++++++++++++++++++++++++++++++++++++++++
      REACTION NAME:  EtaPi
  COHERENT SUM NAME:  Positive
     AMPLITUDE NAME:  P1+
            FACTORS:  1
		1.   TwoPSAngles 1 1 1
       PERMUTATIONS:  0
        CONSTRAINTS:  0
         PARAMETERS:  0
      INITIAL VALUE:  (49.8967,-20.0457)
               REAL?  0
              FIXED?  0
              SCALE:  1.0
++++++++++++++++++++++++++++++++++++++++++++
+++++++++++++  AMPLITUDE INFO  +++++++++++++
++++++++++++++++++++++++++++++++++++++++++++
      REACTION NAME:  EtaPi
  COHERENT SUM NAME:  Positive
     AMPLITUDE NAME:  D1+
            FACTORS:  1
		1.   TwoPSAngles 2 1 1
       PERMUTATIONS:  0
        CONSTRAINTS:  0
         PARAMETERS:  0
      INITIAL VALUE:  (71.9421,0)
               REAL?  1
              FIXED?  0
              SCALE:  1.0
********************************************
***********  COHERENT SUM INFO  ************
********************************************
      REACTION NAME:  EtaPi
  COHERENT SUM NAME:  Negative
++++++++++++++++++++++++++++++++++++++++++++
+++++++++++++  AMPLITUDE INFO  +++++++++++++
++++++++++++++++++++++++++++++++++++++++++++
      REACTION NAME:  EtaPi
  COHERENT SUM NAME:  Negative
     AMPLITUDE NAME:  S0-
            FACTORS:  1
		1.   TwoPSAngles 0 0 -1
       PERMUTATIONS:  0
        CONSTRAINTS:  0
         PARAMETERS:  0
      INITIAL VALUE:  (277.279,0)
               REAL?  1
              FIXED?  0
              SCALE:  1.0
++++++++++++++++++++++++++++++++++++++++++++
+++++++++++++  AMPLITUDE INFO  +++++++++++++
++++++++++++++++++++++++++++++++++++++++++++
      REACTION NAME:  EtaPi
  COHERENT SUM NAME:  Negative
     AMPLITUDE NAME:  P0-
            FACTORS:  1
		1.   TwoPSAngles 1 0 -1
       PERMUTATIONS:  0
        CONSTRAINTS:  0
         PARAMETERS:  0
      INITIAL VALUE:  (16.5098,34.7814)
               REAL?  0
              FIXED?  0
              SCALE:  1.0
++++++++++++++++++++++++++++++++++++++++++++
+++++++++++++  AMPLITUDE INFO  +++++++++++++
++++++++++++++++++++++++++++++++++++++++++++
      REACTION NAME:  EtaPi
  COHERENT SUM NAME:  Negative
     AMPLITUDE NAME:  P1-
            FACTORS:  1
		1.   TwoPSAngles 1 1 -1
       PERMUTATIONS:  0
        CONSTRAINTS:  0
         PARAMETERS:  0
      INITIAL VALUE:  (24.0743,62.3837)
               REAL?  0
              FIXED?  0
              SCALE:  1.0
++++++++++++++++++++++++++++++++++++++++++++
+++++++++++++  AMPLITUDE INFO  +++++++++++++
++++++++++++++++++++++++++++++++++++++++++++
      REACTION NAME:  EtaPi
  COHERENT SUM NAME:  Negative
     AMPLITUDE NAME:  D0-
            FACTORS:  1
		1.   TwoPSAngles 2 0 -1
       PERMUTATIONS:  0
        CONSTRAINTS:  0
         PARAMETERS:  0
      INITIAL VALUE:  (266.512,85.0405)
               REAL?  0
              FIXED?  0
              SCALE:  1.0
++++++++++++++++++++++++++++++++++++++++++++
+++++++++++++  AMPLITUDE INFO  +++++++++++++
++++++++++++++++++++++++++++++++++++++++++++
      REACTION NAME:  EtaPi
  COHERENT SUM NAME:  Negative
     AMPLITUDE NAME:  D1-
            FACTORS:  1
		1.   TwoPSAngles 2 1 -1
       PERMUTATIONS:  0
        CONSTRAINTS:  0
         PARAMETERS:  0
      INITIAL VALUE:  (-1.43421,9.73365)
               REAL?  0
              FIXED?  0
              SCALE:  1.0
 **********
 **    1 **SET STRATEGY  1
 **********
 NOW USING STRATEGY  1: TRY TO BALANCE SPEED AGAINST RELIABILITY
 **********
 **    2 **SET EPS  1e-13
 **********
 FLOATING-POINT NUMBERS ASSUMED ACCURATE TO 1e-13

## AMPLITUDE MANAGER INITIALIZATION ##
 Creating amplitude manager for reaction:  EtaPi
	 particle index assignment:  gamma -->> 0
	 particle index assignment:  Proton -->> 1
	 particle index assignment:  Pi0 -->> 2
	 particle index assignment:  Eta -->> 3
 PARAMETER DEFINITIONS:
    NO.   NAME                 VALUE      STEP SIZE      LIMITS
     1 EtaPi::Negative::S0-_re       277.28       2.7728     no limits
     2 EtaPi::Negative::P0-_re        16.51       0.1651     no limits
     3 EtaPi::Negative::P0-_im       34.781      0.34781     no limits
     4 EtaPi::Negative::P1-_re       24.074      0.24074     no limits
     5 EtaPi::Negative::P1-_im       62.384      0.62384     no limits
     6 EtaPi::Negative::D0-_re       266.51       2.6651     no limits
     7 EtaPi::Negative::D0-_im        85.04       0.8504     no limits
     8 EtaPi::Negative::D1-_re      -1.4342     0.014342     no limits
     9 EtaPi::Negative::D1-_im       9.7337     0.097337     no limits
    10 EtaPi::Positive::P1+_re       49.897      0.49897     no limits
    11 EtaPi::Positive::P1+_im      -20.046      0.20046     no limits
    12 EtaPi::Positive::D1+_re       71.942      0.71942     no limits
Allocating Data and Amplitude Array in LikelihoodCalculator for EtaPi...
Resetting source kin in data_pi0eta_tLT1_27.root
	Done.
Loading acccepted Monte Carlo...
Resetting source kin in reco_pi0eta_tLT1_27.root
	Done.
Calculating integrals...
	Done.
LIKELIHOOD BEFORE MINIMIZATION:  -82907
 **********
 **    3 **MIGRAD 5000
 **********
 FIRST CALL TO USER FUNCTION AT NEW START POINT, WITH IFLAG=4.
 START MIGRAD MINIMIZATION.  STRATEGY 1.  CONVERGENCE WHEN EDM .LT. 1.00e-04
 FCN=-95314.5 FROM MIGRAD     STATUS=INITIATE      135         136 TOTAL

                     EDM= unknown      STRATEGY= 1      NO ERROR MATRIX       
  EXT PARAMETER                          CURRENT GUESS       STEP         FIRST   
  NO.   NAME                   VALUE          ERROR          SIZE      DERIVATIVE 
    1 EtaPi::Negative::S0-_re       -2.0017        2.7728       -279.28       -2.8685
    2 EtaPi::Negative::P0-_re         16.51        0.1651             0         12.72
    3 EtaPi::Negative::P0-_im        34.781       0.34781             0        8.1032
    4 EtaPi::Negative::P1-_re        24.074       0.24074             0        15.314
    5 EtaPi::Negative::P1-_im        141.48       0.62384             0        22.193
    6 EtaPi::Negative::D0-_re        266.51        2.6651             0          17.6
    7 EtaPi::Negative::D0-_im         85.04        0.8504             0        12.887
    8 EtaPi::Negative::D1-_re       -1.4342      0.014342             0      -0.34801
    9 EtaPi::Negative::D1-_im        9.7337      0.097337             0        4.4435
   10 EtaPi::Positive::P1+_re        49.897       0.49897             0         7.956
   11 EtaPi::Positive::P1+_im       -20.046       0.20046             0       -1.8628
   12 EtaPi::Positive::D1+_re        71.942       0.71942             0        10.179

 MIGRAD FAILS TO FIND IMPROVEMENT
 MACHINE ACCURACY LIMITS FURTHER IMPROVEMENT.
 MIGRAD MINIMIZATION HAS CONVERGED.
 FCN=-97403.1 FROM MIGRAD     STATUS=CONVERGED    4107        4108 TOTAL

                     EDM=0.00132569    STRATEGY= 1  ERROR MATRIX UNCERTAINTY     5 per cent
  EXT PARAMETER                                              STEP         FIRST   
  NO.   NAME                   VALUE          ERROR          SIZE      DERIVATIVE 
    1 EtaPi::Negative::S0-_re       -10.088        4.4244            -0    0.00092861
    2 EtaPi::Negative::P0-_re       0.24888        2.4263            -0     0.0089611
    3 EtaPi::Negative::P0-_im        5.0397        2.4837            -0    -0.0016727
    4 EtaPi::Negative::P1-_re        45.318        5.2388             0    0.00063632
    5 EtaPi::Negative::P1-_im        8.3934        12.714            -0    -0.0030086
    6 EtaPi::Negative::D0-_re        61.322        75.562            -0     0.0036949
    7 EtaPi::Negative::D0-_im       -255.46        18.187            -0    -0.0092058
    8 EtaPi::Negative::D1-_re        4.9326        2.7271             0    -0.0036016
    9 EtaPi::Negative::D1-_im        1.7439        2.7254            -0      0.002933
   10 EtaPi::Positive::P1+_re        13.354        15.173            -0     0.0011357
   11 EtaPi::Positive::P1+_im       -50.852        7.2732            -0    -0.0017336
   12 EtaPi::Positive::D1+_re         12.93        18.447            -0   -0.00029087

 EXTERNAL ERROR MATRIX.    NDIM= 100    NPAR= 12    ERR DEF=1
        19.6
       -1.61       5.89
      -0.108        2.2       6.17
       -0.53       1.42       -1.2       27.4
        33.9      -10.2       1.55      -41.5        162
         193      -59.5       9.81       -272        945   5.71e+03
        49.6      -15.9        1.9      -61.6        226   1.36e+03        331
       -5.92     -0.187     -0.641       3.44      -19.8       -115      -27.3       7.44
        2.74      -1.26    -0.0385      -6.57       18.2        113       26.5     -0.469       7.43
        9.01       13.8       2.05         25      -58.9       -367      -81.6      -4.46      -12.1        230
       0.449      -5.17       1.25      -16.5       47.2        298       67.6       -7.4       6.23      -43.7       52.9
       -5.44      -20.7       1.68      -56.4        125        797        184       -9.3       17.3       -194        104
         340
 PARAMETER  CORRELATION COEFFICIENTS  
       NO.  GLOBAL      1      2      3      4      5      6      7      8      9     10     11     12
      1:     0.868  1.000 -0.150 -0.010 -0.023  0.602  0.579  0.616 -0.491  0.227  0.134  0.014 -0.067
      2:     0.722 -0.150  1.000  0.366  0.112 -0.329 -0.324 -0.360 -0.028 -0.190  0.376 -0.293 -0.463
      3:     0.461 -0.010  0.366  1.000 -0.093  0.049  0.052  0.042 -0.095 -0.006  0.054  0.069  0.037
      4:     0.888 -0.023  0.112 -0.093  1.000 -0.623 -0.688 -0.646  0.241 -0.460  0.315 -0.432 -0.584
      5:     0.987  0.602 -0.329  0.049 -0.623  1.000  0.984  0.978 -0.572  0.526 -0.305  0.511  0.533
      6:     0.996  0.579 -0.324  0.052 -0.688  0.984  1.000  0.990 -0.558  0.547 -0.320  0.543  0.572
      7:     0.993  0.616 -0.360  0.042 -0.646  0.978  0.990  1.000 -0.550  0.535 -0.296  0.511  0.549
      8:     0.750 -0.491 -0.028 -0.095  0.241 -0.572 -0.558 -0.550  1.000 -0.063 -0.108 -0.373 -0.185
      9:     0.637  0.227 -0.190 -0.006 -0.460  0.526  0.547  0.535 -0.063  1.000 -0.292  0.314  0.344
     10:     0.785  0.134  0.376  0.054  0.315 -0.305 -0.320 -0.296 -0.108 -0.292  1.000 -0.396 -0.694
     11:     0.850  0.014 -0.293  0.069 -0.432  0.511  0.543  0.511 -0.373  0.314 -0.396  1.000  0.772
     12:     0.923 -0.067 -0.463  0.037 -0.584  0.533  0.572  0.549 -0.185  0.344 -0.694  0.772  1.000

 MIGRAD evaluation total wall time:  3.3062 s.
    average time per function call:  0.80464 ms.

LIKELIHOOD AFTER MINIMIZATION:  -97403
Loading generated Monte Carlo...
Resetting source kin in thrown_pi0eta_tLT1_27.root
	Done.
Calculating integrals...
	Done.
Loading acccepted Monte Carlo...
Resetting source kin in reco_pi0eta_tLT1_27.root
	Done.
Calculating integrals...
	Done.
