*** DO NOT EDIT THIS FILE - IT IS FORMATTED FOR INPUT ***
+++ Reactions, Amplitudes, and Scale Parameters +++
  1
  EtaPi	7
  EtaPi::Negative::S0-	-	1
  EtaPi::Negative::P0-	-	1
  EtaPi::Negative::P1-	-	1
  EtaPi::Negative::D0-	-	1
  EtaPi::Negative::D1-	-	1
  EtaPi::Positive::P1+	-	1
  EtaPi::Positive::D1+	-	1
+++ Likelihood Total and Partial Sums +++
  -39715.7135505447
  EtaPi	-39715.7135505447
+++ Fitter Information +++
  lastMinuitCommand	1
  lastMinuitCommandStatus	0
  eMatrixStatus	3
  minuitPrecision	1e-13
  minuitStrategy	1
  estDistToMinimum	3.94758618889096e-05
  bestMinimum	-39715.7135505447
+++ Parameter Values and Errors +++
  14
  EtaPi::Negative::S0-_re	15.0283181247246
  EtaPi::Negative::S0-_im	0
  EtaPi::Negative::P0-_re	-3.06758639032003
  EtaPi::Negative::P0-_im	-2.54794807519871
  EtaPi::Negative::P1-_re	-30.056723195023
  EtaPi::Negative::P1-_im	58.8649504794099
  EtaPi::Negative::D0-_re	144.125940600591
  EtaPi::Negative::D0-_im	72.2717527638651
  EtaPi::Negative::D1-_re	6.08491727962537
  EtaPi::Negative::D1-_im	-0.239010472542014
  EtaPi::Positive::P1+_re	53.5036471024551
  EtaPi::Positive::P1+_im	-35.3788251030536
  EtaPi::Positive::D1+_re	-4.45499279920515
  EtaPi::Positive::D1+_im	0
  8.88574438561265	  0	  0.408729837273395	  -0.60313590047179	  -12.1672187832823	  -3.40484322900911	  -14.0082271173079	  21.94285870096	  -0.0148142115510737	  0.87412223229093	  5.04602998264858	  2.60005595068749	  0.374156085090193	  0	
  0	  0	  0	  0	  0	  0	  0	  0	  0	  0	  0	  0	  0	  0	
  0.408729837273395	  0	  8.41390259957592	  -7.43790384891599	  -10.1429869962622	  -5.70327056636633	  -11.8383455488935	  23.9884862753936	  1.90934054432627	  0.541880813719409	  0.200703521226638	  1.20975299123248	  -1.27465449131173	  0	
  -0.60313590047179	  0	  -7.43790384891599	  20.1426846202608	  13.3166312374498	  7.6192047753367	  15.4330184207621	  -31.6559687814364	  -3.56580962344851	  -2.35781771175758	  1.0701191726466	  0.0544243650042753	  0.102120527419744	  0	
  -12.1672187832823	  0	  -10.1429869962622	  13.3166312374498	  197.263741332175	  105.528977844161	  222.780299305091	  -453.228694359169	  -1.72221684268368	  -18.4336811493785	  10.475640991769	  2.56880803056874	  1.17534643764632	  0	
  -3.40484322900911	  0	  -5.70327056636633	  7.6192047753367	  105.528977844161	  71.1050236461721	  122.991382535994	  -258.791171395682	  -0.822357077934602	  -10.8242647732936	  4.9973698322708	  1.99048782571117	  1.1292727565906	  0	
  -14.0082271173079	  0	  -11.8383455488935	  15.4330184207621	  222.780299305091	  122.991382535994	  262.556058241625	  -526.621125307211	  -1.94112353914822	  -21.586103956852	  7.86304231248255	  1.90518120372411	  1.5684193557966	  0	
  21.94285870096	  0	  23.9884862753936	  -31.6559687814364	  -453.228694359169	  -258.791171395682	  -526.621125307211	  1087.73387438895	  3.82067443599601	  44.4942012856451	  -28.1137456151522	  -7.77069660995612	  -3.72320156064849	  0	
  -0.0148142115510737	  0	  1.90934054432627	  -3.56580962344851	  -1.72221684268368	  -0.822357077934602	  -1.94112353914822	  3.82067443599601	  7.0801006025693	  -0.75639350499467	  -1.1843033373778	  -1.24030903567994	  1.18005168290468	  0	
  0.87412223229093	  0	  0.541880813719409	  -2.35781771175758	  -18.4336811493785	  -10.8242647732936	  -21.586103956852	  44.4942012856451	  -0.75639350499467	  10.9497874709088	  1.18779203608257	  2.96787518821126	  -3.14478339819695	  0	
  5.04602998264858	  0	  0.200703521226638	  1.0701191726466	  10.475640991769	  4.9973698322708	  7.86304231248255	  -28.1137456151522	  -1.1843033373778	  1.18779203608257	  605.275998533016	  889.770521594346	  39.7718556221165	  0	
  2.60005595068749	  0	  1.20975299123248	  0.0544243650042753	  2.56880803056874	  1.99048782571117	  1.90518120372411	  -7.77069660995612	  -1.24030903567994	  2.96787518821126	  889.770521594346	  1348.10303852196	  59.3487971510888	  0	
  0.374156085090193	  0	  -1.27465449131173	  0.102120527419744	  1.17534643764632	  1.1292727565906	  1.5684193557966	  -3.72320156064849	  1.18005168290468	  -3.14478339819695	  39.7718556221165	  59.3487971510888	  17.0092881111229	  0	
  0	  0	  0	  0	  0	  0	  0	  0	  0	  0	  0	  0	  0	  0	
+++ Normalization Integrals +++
  EtaPi
8273	8273
7
EtaPi::Negative::S0-
EtaPi::Negative::P0-
EtaPi::Negative::P1-
EtaPi::Negative::D0-
EtaPi::Negative::D1-
EtaPi::Positive::P1+
EtaPi::Positive::D1+
(0.0795772854596526,0)	(0.000952575018746576,-0)	(0.000144757699228852,-0)	(0.000333657071414423,-0)	(-1.35767253716225e-05,-0)	(0,-0)	(0,-0)	
(0.000952575018746576,0)	(0.0798757174167807,0)	(-1.0516486252067e-05,-0)	(0.00133589605661542,-0)	(7.69325175636248e-05,-0)	(0,-0)	(0,-0)	
(0.000144757699228852,0)	(-1.0516486252067e-05,0)	(0.0803390914299861,0)	(-9.52185132839013e-05,-0)	(8.97390897623792e-05,-0)	(0,-0)	(0,-0)	
(0.000333657071414423,0)	(0.00133589605661542,0)	(-9.52185132839013e-05,0)	(0.0794552121501002,0)	(-0.000238047599758548,-0)	(0,-0)	(0,-0)	
(-1.35767253716225e-05,0)	(7.69325175636248e-05,0)	(8.97390897623792e-05,0)	(-0.000238047599758548,0)	(0.0804247490324358,0)	(0,-0)	(0,-0)	
(0,0)	(0,0)	(0,0)	(0,0)	(0,0)	(0.0785170475321484,0)	(0.000827239136857526,-0)	
(0,0)	(0,0)	(0,0)	(0,0)	(0,0)	(0.000827239136857526,0)	(0.0793899728947962,0)	
(0.0795772854596526,0)	(0.000952575018746576,-0)	(0.000144757699228852,-0)	(0.000333657071414423,-0)	(-1.35767253716225e-05,-0)	(0,-0)	(0,-0)	
(0.000952575018746576,0)	(0.0798757174167807,0)	(-1.0516486252067e-05,-0)	(0.00133589605661542,-0)	(7.69325175636248e-05,-0)	(0,-0)	(0,-0)	
(0.000144757699228852,0)	(-1.0516486252067e-05,0)	(0.0803390914299861,0)	(-9.52185132839013e-05,-0)	(8.97390897623792e-05,-0)	(0,-0)	(0,-0)	
(0.000333657071414423,0)	(0.00133589605661542,0)	(-9.52185132839013e-05,0)	(0.0794552121501002,0)	(-0.000238047599758548,-0)	(0,-0)	(0,-0)	
(-1.35767253716225e-05,0)	(7.69325175636248e-05,0)	(8.97390897623792e-05,0)	(-0.000238047599758548,0)	(0.0804247490324358,0)	(0,-0)	(0,-0)	
(0,0)	(0,0)	(0,0)	(0,0)	(0,0)	(0.0785170475321484,0)	(0.000827239136857526,-0)	
(0,0)	(0,0)	(0,0)	(0,0)	(0,0)	(0.000827239136857526,0)	(0.0793899728947962,0)	
+++ Below these two lines is a config file that is   +++
+++ functionally equivalent to that used in the fit. +++
### FIT CONFIGURATION ###
fit bin_24
reaction EtaPi gamma Proton Pi0 Eta
sum EtaPi::Positive
sum EtaPi::Negative
amplitude EtaPi::Negative::S0- TwoPSAngles 0 0 -1
amplitude EtaPi::Negative::P0- TwoPSAngles 1 0 -1
amplitude EtaPi::Negative::P1- TwoPSAngles 1 1 -1
amplitude EtaPi::Negative::D0- TwoPSAngles 2 0 -1
amplitude EtaPi::Negative::D1- TwoPSAngles 2 1 -1
amplitude EtaPi::Positive::P1+ TwoPSAngles 1 1 1
amplitude EtaPi::Positive::D1+ TwoPSAngles 2 1 1
scale EtaPi::Negative::S0- 1.0
scale EtaPi::Negative::P0- 1.0
scale EtaPi::Negative::P1- 1.0
scale EtaPi::Negative::D0- 1.0
scale EtaPi::Negative::D1- 1.0
scale EtaPi::Positive::P1+ 1.0
scale EtaPi::Positive::D1+ 1.0
initialize EtaPi::Negative::S0- cartesian 197.3040276 0 real
initialize EtaPi::Negative::P0- cartesian 68.7477362436 23.8635467077
initialize EtaPi::Negative::P1- cartesian 31.5314788468 48.4359702652
initialize EtaPi::Negative::D0- cartesian 293.965935245 -48.6106852683
initialize EtaPi::Negative::D1- cartesian 9.5987434738 -15.7771518338
initialize EtaPi::Positive::P1+ cartesian 56.3877673089 -16.1402728111
initialize EtaPi::Positive::D1+ cartesian 53.3552218588 0 real
data EtaPi ROOTDataReader data_pi0eta_tLT1_24.root
genmc EtaPi ROOTDataReader thrown_pi0eta_tLT1_24.root
accmc EtaPi ROOTDataReader reco_pi0eta_tLT1_24.root
normintfile EtaPi bin_24.ni
