*** DO NOT EDIT THIS FILE - IT IS FORMATTED FOR INPUT ***
+++ Reactions, Amplitudes, and Scale Parameters +++
  1
  EtaPi	7
  EtaPi::Negative::S0-	-	1
  EtaPi::Negative::P0-	-	1
  EtaPi::Negative::P1-	-	1
  EtaPi::Negative::D0-	-	1
  EtaPi::Negative::D1-	-	1
  EtaPi::Positive::P1+	-	1
  EtaPi::Positive::D1+	-	1
+++ Likelihood Total and Partial Sums +++
  -67849.5123876637
  EtaPi	-67849.5123876637
+++ Fitter Information +++
  lastMinuitCommand	1
  lastMinuitCommandStatus	0
  eMatrixStatus	3
  minuitPrecision	1e-13
  minuitStrategy	1
  estDistToMinimum	0.000227357106906335
  bestMinimum	-67849.5123876637
+++ Parameter Values and Errors +++
  14
  EtaPi::Negative::S0-_re	4.59162794878972
  EtaPi::Negative::S0-_im	0
  EtaPi::Negative::P0-_re	-3.70421960793849
  EtaPi::Negative::P0-_im	7.15742788771433
  EtaPi::Negative::P1-_re	-11.756559544037
  EtaPi::Negative::P1-_im	53.1556804291154
  EtaPi::Negative::D0-_re	214.509824885709
  EtaPi::Negative::D0-_im	59.1489377318321
  EtaPi::Negative::D1-_re	3.45744851470481
  EtaPi::Negative::D1-_im	2.65968118964484
  EtaPi::Positive::P1+_re	-54.4469987373957
  EtaPi::Positive::P1+_im	1.6285002940482
  EtaPi::Positive::D1+_re	-4.04179331663673
  EtaPi::Positive::D1+_im	0
  6.16019103476209	  0	  -0.237606745079155	  -2.32817761322254	  -3.80537813865237	  2.72218085869274	  -5.21021223032253	  13.9325158767825	  0.250826200693295	  0.277409029700556	  -3.26341738467915	  9.2871864319418	  0.404142158936356	  0	
  0	  0	  0	  0	  0	  0	  0	  0	  0	  0	  0	  0	  0	  0	
  -0.237606745079155	  0	  5.0649607545763	  -2.95192933566056	  6.60637243177602	  0.739322396521511	  7.81248937346042	  -27.5869210895104	  0.753351462318657	  -1.25125071862345	  0.66343982257463	  -23.604736508439	  0.533682587254691	  0	
  -2.32817761322254	  0	  -2.95192933566056	  27.4224318184062	  -0.779240265687855	  -6.19262484049565	  -0.123843122944426	  0.672048897240124	  -1.93498530626895	  0.362632968916625	  1.29018515155271	  3.96607285179285	  1.00361700101624	  0	
  -3.80537813865237	  0	  6.60637243177602	  -0.779240265687855	  58.8833869364745	  4.28922122565744	  61.4153523485017	  -222.917347975757	  3.68998906280658	  -4.33270683998169	  -0.613330401021239	  -180.611184989879	  -2.94817544018133	  0	
  2.72218085869274	  0	  0.739322396521511	  -6.19262484049565	  4.28922122565744	  19.0292786206116	  3.57665982387536	  -24.3478525315935	  0.817514723605491	  -1.74446992735458	  2.31100790601877	  -21.6523433707144	  -1.78300459024728	  0	
  -5.21021223032253	  0	  7.81248937346042	  -0.123843122944426	  61.4153523485017	  3.57665982387536	  72.8390816962058	  -249.478604092022	  3.8700276038127	  -4.32633996849908	  3.2082494685034	  -201.058401621247	  -2.5265834543521	  0	
  13.9325158767825	  0	  -27.5869210895104	  0.672048897240124	  -222.917347975757	  -24.3478525315935	  -249.478604092022	  912.815970349939	  -13.7144291404291	  16.9429004891115	  -0.0315730338270939	  737.874248974199	  9.10268817198066	  0	
  0.250826200693295	  0	  0.753351462318657	  -1.93498530626895	  3.68998906280658	  0.817514723605491	  3.8700276038127	  -13.7144291404291	  5.33874089621237	  -1.24851447246809	  -0.0512305275336642	  -11.9314435851465	  -1.27792780253805	  0	
  0.277409029700556	  0	  -1.25125071862345	  0.362632968916625	  -4.33270683998169	  -1.74446992735458	  -4.32633996849908	  16.9429004891115	  -1.24851447246809	  13.9775342650506	  -0.238995713521459	  14.0817659942881	  5.05550137259761	  0	
  -3.26341738467915	  0	  0.66343982257463	  1.29018515155271	  -0.613330401021239	  2.31100790601877	  3.2082494685034	  -0.0315730338270939	  -0.0512305275336642	  -0.238995713521459	  19.2677271025627	  -8.04087787211116	  -0.886816268758786	  0	
  9.2871864319418	  0	  -23.604736508439	  3.96607285179285	  -180.611184989879	  -21.6523433707144	  -201.058401621247	  737.874248974199	  -11.9314435851465	  14.0817659942881	  -8.04087787211116	  616.355330780685	  8.43672569817274	  0	
  0.404142158936356	  0	  0.533682587254691	  1.00361700101624	  -2.94817544018133	  -1.78300459024728	  -2.5265834543521	  9.10268817198066	  -1.27792780253805	  5.05550137259761	  -0.886816268758786	  8.43672569817274	  14.8744574118775	  0	
  0	  0	  0	  0	  0	  0	  0	  0	  0	  0	  0	  0	  0	  0	
+++ Normalization Integrals +++
  EtaPi
8405	8405
7
EtaPi::Negative::S0-
EtaPi::Negative::P0-
EtaPi::Negative::P1-
EtaPi::Negative::D0-
EtaPi::Negative::D1-
EtaPi::Positive::P1+
EtaPi::Positive::D1+
(0.0795772854596528,0)	(-0.000404149506378694,-0)	(0.000630532650569266,-0)	(-6.65517343190419e-05,-0)	(-0.00170435241217295,-0)	(0,-0)	(0,-0)	
(-0.000404149506378694,0)	(0.0795177597788552,0)	(-0.00132018570168285,-0)	(0.000411403957683513,-0)	(0.00135659383157119,-0)	(0,-0)	(0,-0)	
(0.000630532650569266,0)	(-0.00132018570168285,0)	(0.079350899938899,0)	(0.000469887786404923,-0)	(-0.000576080599602067,-0)	(0,-0)	(0,-0)	
(-6.65517343190419e-05,0)	(0.000411403957683513,0)	(0.000469887786404923,0)	(0.0787143387932168,0)	(-0.00105362976048361,-0)	(0,-0)	(0,-0)	
(-0.00170435241217295,0)	(0.00135659383157119,0)	(-0.000576080599602067,0)	(-0.00105362976048361,0)	(0.0799868251819112,0)	(0,-0)	(0,-0)	
(0,0)	(0,0)	(0,0)	(0,0)	(0,0)	(0.079863196661161,0)	(-0.000942477310214868,-0)	
(0,0)	(0,0)	(0,0)	(0,0)	(0,0)	(-0.000942477310214868,0)	(0.0802191318246224,0)	
(0.0795772854596528,0)	(-0.000404149506378694,-0)	(0.000630532650569266,-0)	(-6.65517343190419e-05,-0)	(-0.00170435241217295,-0)	(0,-0)	(0,-0)	
(-0.000404149506378694,0)	(0.0795177597788552,0)	(-0.00132018570168285,-0)	(0.000411403957683513,-0)	(0.00135659383157119,-0)	(0,-0)	(0,-0)	
(0.000630532650569266,0)	(-0.00132018570168285,0)	(0.079350899938899,0)	(0.000469887786404923,-0)	(-0.000576080599602067,-0)	(0,-0)	(0,-0)	
(-6.65517343190419e-05,0)	(0.000411403957683513,0)	(0.000469887786404923,0)	(0.0787143387932168,0)	(-0.00105362976048361,-0)	(0,-0)	(0,-0)	
(-0.00170435241217295,0)	(0.00135659383157119,0)	(-0.000576080599602067,0)	(-0.00105362976048361,0)	(0.0799868251819112,0)	(0,-0)	(0,-0)	
(0,0)	(0,0)	(0,0)	(0,0)	(0,0)	(0.079863196661161,0)	(-0.000942477310214868,-0)	
(0,0)	(0,0)	(0,0)	(0,0)	(0,0)	(-0.000942477310214868,0)	(0.0802191318246224,0)	
+++ Below these two lines is a config file that is   +++
+++ functionally equivalent to that used in the fit. +++
### FIT CONFIGURATION ###
fit bin_26
reaction EtaPi gamma Proton Pi0 Eta
sum EtaPi::Positive
sum EtaPi::Negative
amplitude EtaPi::Negative::S0- TwoPSAngles 0 0 -1
amplitude EtaPi::Negative::P0- TwoPSAngles 1 0 -1
amplitude EtaPi::Negative::P1- TwoPSAngles 1 1 -1
amplitude EtaPi::Negative::D0- TwoPSAngles 2 0 -1
amplitude EtaPi::Negative::D1- TwoPSAngles 2 1 -1
amplitude EtaPi::Positive::P1+ TwoPSAngles 1 1 1
amplitude EtaPi::Positive::D1+ TwoPSAngles 2 1 1
scale EtaPi::Negative::S0- 1.0
scale EtaPi::Negative::P0- 1.0
scale EtaPi::Negative::P1- 1.0
scale EtaPi::Negative::D0- 1.0
scale EtaPi::Negative::D1- 1.0
scale EtaPi::Positive::P1+ 1.0
scale EtaPi::Positive::D1+ 1.0
initialize EtaPi::Negative::S0- cartesian 277.279267225 0 real
initialize EtaPi::Negative::P0- cartesian 16.5097874768 34.7813789472
initialize EtaPi::Negative::P1- cartesian 24.074328196 62.3837124136
initialize EtaPi::Negative::D0- cartesian 266.51186555 85.0404563054
initialize EtaPi::Negative::D1- cartesian -1.43421455783 9.73365265304
initialize EtaPi::Positive::P1+ cartesian 49.8967383194 -20.0457308924
initialize EtaPi::Positive::D1+ cartesian 71.9421389061 0 real
data EtaPi ROOTDataReader data_pi0eta_tLT1_26.root
genmc EtaPi ROOTDataReader thrown_pi0eta_tLT1_26.root
accmc EtaPi ROOTDataReader reco_pi0eta_tLT1_26.root
normintfile EtaPi bin_26.ni
