*** DO NOT EDIT THIS FILE - IT IS FORMATTED FOR INPUT ***
+++ Reactions, Amplitudes, and Scale Parameters +++
  1
  EtaPi	7
  EtaPi::Negative::S0-	-	1
  EtaPi::Negative::P0-	-	1
  EtaPi::Negative::P1-	-	1
  EtaPi::Negative::D0-	-	1
  EtaPi::Negative::D1-	-	1
  EtaPi::Positive::P1+	-	1
  EtaPi::Positive::D1+	-	1
+++ Likelihood Total and Partial Sums +++
  -1931.45830870168
  EtaPi	-1931.45830870168
+++ Fitter Information +++
  lastMinuitCommand	1
  lastMinuitCommandStatus	0
  eMatrixStatus	3
  minuitPrecision	1e-13
  minuitStrategy	1
  estDistToMinimum	6.37418116776084e-05
  bestMinimum	-1931.45830870168
+++ Parameter Values and Errors +++
  14
  EtaPi::Negative::S0-_re	12.475529929184
  EtaPi::Negative::S0-_im	0
  EtaPi::Negative::P0-_re	-7.49794252500465
  EtaPi::Negative::P0-_im	5.70871939817601
  EtaPi::Negative::P1-_re	4.06395525294305
  EtaPi::Negative::P1-_im	-0.577485773355072
  EtaPi::Negative::D0-_re	23.8122667604453
  EtaPi::Negative::D0-_im	38.6237213265472
  EtaPi::Negative::D1-_re	-1.21780747734606
  EtaPi::Negative::D1-_im	0.161514915766272
  EtaPi::Positive::P1+_re	-18.0827443207054
  EtaPi::Positive::P1+_im	-0.885513765750056
  EtaPi::Positive::D1+_re	-0.195334045371305
  EtaPi::Positive::D1+_im	0
  258.836082453742	  0	  141.856973306616	  -177.975807445885	  -70.0097866569924	  79.8752282924614	  -346.83283279675	  200.308964540447	  -39.7931359003132	  4.70159594384691	  37.9307142032267	  -97.5556926574691	  -7.64926370966499	  0	
  0	  0	  0	  0	  0	  0	  0	  0	  0	  0	  0	  0	  0	  0	
  141.856973306616	  0	  183.571012478852	  -147.506930778097	  4.44366849097598	  17.0268406339296	  -86.663005446826	  54.1645306861344	  -24.9349001053665	  8.87997460657305	  -21.3437811277061	  113.620859672545	  39.1766292813466	  0	
  -177.975807445885	  0	  -147.506930778097	  155.146866570284	  37.2481517993735	  -46.3033225374991	  201.20166085164	  -121.081412421014	  35.4270257959426	  -9.4616792069087	  -8.04497756548369	  -6.73313317854917	  -13.4193773990662	  0	
  -70.0097866569924	  0	  4.44366849097598	  37.2481517993735	  129.767929770961	  -60.7499255114652	  165.262549090929	  -101.608459947184	  70.5915900658074	  -33.7167296966181	  -28.2584077389039	  79.8736084240076	  25.7368297838551	  0	
  79.8752282924614	  0	  17.0268406339296	  -46.3033225374991	  -60.7499255114652	  45.6813851558298	  -148.579665180359	  87.580315657153	  -30.2528382980319	  9.87327366205427	  23.7156393572118	  -73.2350656809262	  -15.2213349016791	  0	
  -346.83283279675	  0	  -86.663005446826	  201.20166085164	  165.262549090929	  -148.579665180359	  625.986623682035	  -363.111450606223	  67.9107640379744	  -9.09970791390034	  -100.82336971162	  326.069459471877	  55.5557246786746	  0	
  200.308964540447	  0	  54.1645306861344	  -121.081412421014	  -101.608459947184	  87.580315657153	  -363.111450606223	  218.080325179875	  -44.3384369903741	  8.36904608906359	  61.115434597339	  -185.734445596718	  -31.872277464647	  0	
  -39.7931359003132	  0	  -24.9349001053665	  35.4270257959426	  70.5915900658074	  -30.2528382980319	  67.9107640379744	  -44.3384369903741	  58.5351976649117	  -29.3992509004636	  -4.42503544598391	  -6.12378835614234	  4.62999371144054	  0	
  4.70159594384691	  0	  8.87997460657305	  -9.4616792069087	  -33.7167296966181	  9.87327366205427	  -9.09970791390034	  8.36904608906359	  -29.3992509004636	  22.5414520816536	  -1.90693613998286	  19.8829932656159	  -0.568436674051398	  0	
  37.9307142032267	  0	  -21.3437811277061	  -8.04497756548369	  -28.2584077389039	  23.7156393572118	  -100.82336971162	  61.115434597339	  -4.42503544598391	  -1.90693613998286	  33.3359959264127	  -89.6096491586183	  -19.8171461437962	  0	
  -97.5556926574691	  0	  113.620859672545	  -6.73313317854917	  79.8736084240076	  -73.2350656809262	  326.069459471877	  -185.734445596718	  -6.12378835614234	  19.8829932656159	  -89.6096491586183	  350.148018776077	  76.2076724665727	  0	
  -7.64926370966499	  0	  39.1766292813466	  -13.4193773990662	  25.7368297838551	  -15.2213349016791	  55.5557246786746	  -31.872277464647	  4.62999371144054	  -0.568436674051398	  -19.8171461437962	  76.2076724665727	  26.4462439875549	  0	
  0	  0	  0	  0	  0	  0	  0	  0	  0	  0	  0	  0	  0	  0	
+++ Normalization Integrals +++
  EtaPi
8623	8623
7
EtaPi::Negative::S0-
EtaPi::Negative::P0-
EtaPi::Negative::P1-
EtaPi::Negative::D0-
EtaPi::Negative::D1-
EtaPi::Positive::P1+
EtaPi::Positive::D1+
(0.079577285459653,0)	(-2.85281686578081e-05,-0)	(0.000698550960480885,-0)	(-0.00127994797807426,-0)	(-0.00108239274507219,-0)	(0,-0)	(0,-0)	
(-2.85281686578081e-05,0)	(0.0784324651849834,0)	(-0.000838417815144066,-0)	(-0.000514708954254953,-0)	(0.000821251835904267,-0)	(0,-0)	(0,-0)	
(0.000698550960480885,0)	(-0.000838417815144066,0)	(0.0801222974185464,0)	(-6.97787638938063e-05,-0)	(-0.00108182554082636,-0)	(0,-0)	(0,-0)	
(-0.00127994797807426,0)	(-0.000514708954254953,0)	(-6.97787638938063e-05,0)	(0.0779583719787408,0)	(7.39954746882197e-05,-0)	(0,-0)	(0,-0)	
(-0.00108239274507219,0)	(0.000821251835904267,0)	(-0.00108182554082636,0)	(7.39954746882197e-05,0)	(0.0798912730047713,0)	(0,-0)	(0,-0)	
(0,0)	(0,0)	(0,0)	(0,0)	(0,0)	(0.0801770937753855,0)	(0.00160250083267355,-0)	
(0,0)	(0,0)	(0,0)	(0,0)	(0,0)	(0.00160250083267355,0)	(0.079513815431278,0)	
(0.079577285459653,0)	(-2.85281686578081e-05,-0)	(0.000698550960480885,-0)	(-0.00127994797807426,-0)	(-0.00108239274507219,-0)	(0,-0)	(0,-0)	
(-2.85281686578081e-05,0)	(0.0784324651849834,0)	(-0.000838417815144066,-0)	(-0.000514708954254953,-0)	(0.000821251835904267,-0)	(0,-0)	(0,-0)	
(0.000698550960480885,0)	(-0.000838417815144066,0)	(0.0801222974185464,0)	(-6.97787638938063e-05,-0)	(-0.00108182554082636,-0)	(0,-0)	(0,-0)	
(-0.00127994797807426,0)	(-0.000514708954254953,0)	(-6.97787638938063e-05,0)	(0.0779583719787408,0)	(7.39954746882197e-05,-0)	(0,-0)	(0,-0)	
(-0.00108239274507219,0)	(0.000821251835904267,0)	(-0.00108182554082636,0)	(7.39954746882197e-05,0)	(0.0798912730047713,0)	(0,-0)	(0,-0)	
(0,0)	(0,0)	(0,0)	(0,0)	(0,0)	(0.0801770937753855,0)	(0.00160250083267355,-0)	
(0,0)	(0,0)	(0,0)	(0,0)	(0,0)	(0.00160250083267355,0)	(0.079513815431278,0)	
+++ Below these two lines is a config file that is   +++
+++ functionally equivalent to that used in the fit. +++
### FIT CONFIGURATION ###
fit bin_55
reaction EtaPi gamma Proton Pi0 Eta
sum EtaPi::Positive
sum EtaPi::Negative
amplitude EtaPi::Negative::S0- TwoPSAngles 0 0 -1
amplitude EtaPi::Negative::P0- TwoPSAngles 1 0 -1
amplitude EtaPi::Negative::P1- TwoPSAngles 1 1 -1
amplitude EtaPi::Negative::D0- TwoPSAngles 2 0 -1
amplitude EtaPi::Negative::D1- TwoPSAngles 2 1 -1
amplitude EtaPi::Positive::P1+ TwoPSAngles 1 1 1
amplitude EtaPi::Positive::D1+ TwoPSAngles 2 1 1
scale EtaPi::Negative::S0- 1.0
scale EtaPi::Negative::P0- 1.0
scale EtaPi::Negative::P1- 1.0
scale EtaPi::Negative::D0- 1.0
scale EtaPi::Negative::D1- 1.0
scale EtaPi::Positive::P1+ 1.0
scale EtaPi::Positive::D1+ 1.0
initialize EtaPi::Negative::S0- cartesian 358.115335574 0 real
initialize EtaPi::Negative::P0- cartesian 37.7321644145 33.7179938951
initialize EtaPi::Negative::P1- cartesian 15.8568846921 50.0535025941
initialize EtaPi::Negative::D0- cartesian 214.296626816 85.0243680554
initialize EtaPi::Negative::D1- cartesian 24.8505842906 6.32372789655
initialize EtaPi::Positive::P1+ cartesian 36.1703540143 -20.6224804196
initialize EtaPi::Positive::D1+ cartesian 97.8532524322 0 real
data EtaPi ROOTDataReader data_pi0eta_tLT1_55.root
genmc EtaPi ROOTDataReader thrown_pi0eta_tLT1_55.root
accmc EtaPi ROOTDataReader reco_pi0eta_tLT1_55.root
normintfile EtaPi bin_55.ni
