*** DO NOT EDIT THIS FILE - IT IS FORMATTED FOR INPUT ***
+++ Reactions, Amplitudes, and Scale Parameters +++
  1
  EtaPi	7
  EtaPi::Negative::S0-	-	1
  EtaPi::Negative::P0-	-	1
  EtaPi::Negative::P1-	-	1
  EtaPi::Negative::D0-	-	1
  EtaPi::Negative::D1-	-	1
  EtaPi::Positive::P1+	-	1
  EtaPi::Positive::D1+	-	1
+++ Likelihood Total and Partial Sums +++
  -1823.8406506561
  EtaPi	-1823.8406506561
+++ Fitter Information +++
  lastMinuitCommand	1
  lastMinuitCommandStatus	0
  eMatrixStatus	3
  minuitPrecision	1e-13
  minuitStrategy	1
  estDistToMinimum	3.81812367993577e-05
  bestMinimum	-1823.8406506561
+++ Parameter Values and Errors +++
  14
  EtaPi::Negative::S0-_re	15.3826747060573
  EtaPi::Negative::S0-_im	0
  EtaPi::Negative::P0-_re	-16.3208309216013
  EtaPi::Negative::P0-_im	-1.46202866371692
  EtaPi::Negative::P1-_re	3.14038270321468
  EtaPi::Negative::P1-_im	5.73060561207549
  EtaPi::Negative::D0-_re	-4.06830055118095
  EtaPi::Negative::D0-_im	41.4935089809152
  EtaPi::Negative::D1-_re	-2.90096149428921
  EtaPi::Negative::D1-_im	1.84414245853991
  EtaPi::Positive::P1+_re	8.0163263000706
  EtaPi::Positive::P1+_im	-0.0213077931752212
  EtaPi::Positive::D1+_re	11.4924203536034
  EtaPi::Positive::D1+_im	0
  50.012019173519	  0	  33.347393659008	  24.9341474002163	  -8.04927384945464	  -4.95851622815007	  47.579472918606	  1.45978838283765	  -3.12680391938415	  1.91786048961291	  6.68118085350406	  -0.572085461978801	  -2.17496942053268	  0	
  0	  0	  0	  0	  0	  0	  0	  0	  0	  0	  0	  0	  0	  0	
  33.347393659008	  0	  51.5588440208274	  17.5713530014351	  -2.74080272114156	  -3.29698502240218	  42.4640039615999	  10.5198281753306	  -6.636369955008	  1.47141036220236	  -8.94278520121371	  0.336456362189208	  9.59050301249344	  0	
  24.9341474002163	  0	  17.5713530014351	  23.9282801197357	  0.927347080304804	  -2.59846442016784	  41.5828071206891	  2.36783361603978	  0.647341461774206	  1.50289508979068	  6.92246071096044	  0.23824982353121	  -3.90652617004075	  0	
  -8.04927384945464	  0	  -2.74080272114156	  0.927347080304804	  28.5553049967746	  10.0227091780958	  7.05021892394968	  0.2730941712204	  12.6524436715719	  0.969626087577381	  0.237426187339471	  0.437534397149509	  -0.682181732264418	  0	
  -4.95851622815007	  0	  -3.29698502240218	  -2.59846442016784	  10.0227091780958	  8.96578869182437	  -3.59508379508776	  -0.918676697442689	  5.56185024405583	  -0.459678275046649	  -0.962904734671584	  0.0579645457201729	  0.347048345933176	  0	
  47.579472918606	  0	  42.4640039615999	  41.5828071206891	  7.05021892394968	  -3.59508379508776	  97.682354059825	  8.7599759928275	  2.25457278121386	  2.80562679267043	  14.0195657009573	  1.01040045167416	  -7.06846613495641	  0	
  1.45978838283765	  0	  10.5198281753306	  2.36783361603978	  0.2730941712204	  -0.918676697442689	  8.7599759928275	  7.78899891192021	  -1.8034591402837	  0.0940870236071241	  -4.00525833728327	  0.0690609038086059	  2.01773190146865	  0	
  -3.12680391938415	  0	  -6.636369955008	  0.647341461774206	  12.6524436715719	  5.56185024405583	  2.25457278121386	  -1.8034591402837	  16.4521160574793	  -0.064090163119397	  3.05770676573131	  0.112365387597471	  -2.81772461923206	  0	
  1.91786048961291	  0	  1.47141036220236	  1.50289508979068	  0.969626087577381	  -0.459678275046649	  2.80562679267043	  0.0940870236071241	  -0.064090163119397	  5.65224060797954	  0.292928051895679	  0.00132929085448074	  -0.232907093178123	  0	
  6.68118085350406	  0	  -8.94278520121371	  6.92246071096044	  0.237426187339471	  -0.962904734671584	  14.0195657009573	  -4.00525833728327	  3.05770676573131	  0.292928051895679	  37.5466513845984	  -0.542336341244878	  -24.4397740202582	  0	
  -0.572085461978801	  0	  0.336456362189208	  0.23824982353121	  0.437534397149509	  0.0579645457201729	  1.01040045167416	  0.0690609038086059	  0.112365387597471	  0.00132929085448074	  -0.542336341244878	  111.854259511382	  -0.508614075247422	  0	
  -2.17496942053268	  0	  9.59050301249344	  -3.90652617004075	  -0.682181732264418	  0.347048345933176	  -7.06846613495641	  2.01773190146865	  -2.81772461923206	  -0.232907093178123	  -24.4397740202582	  -0.508614075247422	  26.0301425923751	  0	
  0	  0	  0	  0	  0	  0	  0	  0	  0	  0	  0	  0	  0	  0	
+++ Normalization Integrals +++
  EtaPi
8639	8639
7
EtaPi::Negative::S0-
EtaPi::Negative::P0-
EtaPi::Negative::P1-
EtaPi::Negative::D0-
EtaPi::Negative::D1-
EtaPi::Positive::P1+
EtaPi::Positive::D1+
(0.079577285459653,0)	(-0.00024713927874628,-0)	(0.000991966382770971,-0)	(3.28993776501737e-05,-0)	(0.000357322465359352,-0)	(0,-0)	(0,-0)	
(-0.00024713927874628,0)	(0.0796067115575757,0)	(0.000276780791512508,-0)	(5.30258874803835e-05,-0)	(0.000683562832203198,-0)	(0,-0)	(0,-0)	
(0.000991966382770971,0)	(0.000276780791512508,0)	(0.0791045760849577,0)	(-0.000517069353864423,-0)	(-0.000451838516270061,-0)	(0,-0)	(0,-0)	
(3.28993776501737e-05,0)	(5.30258874803835e-05,0)	(-0.000517069353864423,0)	(0.0805437498580326,0)	(-0.000299003932943683,-0)	(0,-0)	(0,-0)	
(0.000357322465359352,0)	(0.000683562832203198,0)	(-0.000451838516270061,0)	(-0.000299003932943683,0)	(0.0787778353852845,0)	(0,-0)	(0,-0)	
(0,0)	(0,0)	(0,0)	(0,0)	(0,0)	(0.0800205687363818,0)	(-0.000247501378403611,-0)	
(0,0)	(0,0)	(0,0)	(0,0)	(0,0)	(-0.000247501378403611,0)	(0.0791371598326959,0)	
(0.079577285459653,0)	(-0.00024713927874628,-0)	(0.000991966382770971,-0)	(3.28993776501737e-05,-0)	(0.000357322465359352,-0)	(0,-0)	(0,-0)	
(-0.00024713927874628,0)	(0.0796067115575757,0)	(0.000276780791512508,-0)	(5.30258874803835e-05,-0)	(0.000683562832203198,-0)	(0,-0)	(0,-0)	
(0.000991966382770971,0)	(0.000276780791512508,0)	(0.0791045760849577,0)	(-0.000517069353864423,-0)	(-0.000451838516270061,-0)	(0,-0)	(0,-0)	
(3.28993776501737e-05,0)	(5.30258874803835e-05,0)	(-0.000517069353864423,0)	(0.0805437498580326,0)	(-0.000299003932943683,-0)	(0,-0)	(0,-0)	
(0.000357322465359352,0)	(0.000683562832203198,0)	(-0.000451838516270061,0)	(-0.000299003932943683,0)	(0.0787778353852845,0)	(0,-0)	(0,-0)	
(0,0)	(0,0)	(0,0)	(0,0)	(0,0)	(0.0800205687363818,0)	(-0.000247501378403611,-0)	
(0,0)	(0,0)	(0,0)	(0,0)	(0,0)	(-0.000247501378403611,0)	(0.0791371598326959,0)	
+++ Below these two lines is a config file that is   +++
+++ functionally equivalent to that used in the fit. +++
### FIT CONFIGURATION ###
fit bin_54
reaction EtaPi gamma Proton Pi0 Eta
sum EtaPi::Positive
sum EtaPi::Negative
amplitude EtaPi::Negative::S0- TwoPSAngles 0 0 -1
amplitude EtaPi::Negative::P0- TwoPSAngles 1 0 -1
amplitude EtaPi::Negative::P1- TwoPSAngles 1 1 -1
amplitude EtaPi::Negative::D0- TwoPSAngles 2 0 -1
amplitude EtaPi::Negative::D1- TwoPSAngles 2 1 -1
amplitude EtaPi::Positive::P1+ TwoPSAngles 1 1 1
amplitude EtaPi::Positive::D1+ TwoPSAngles 2 1 1
scale EtaPi::Negative::S0- 1.0
scale EtaPi::Negative::P0- 1.0
scale EtaPi::Negative::P1- 1.0
scale EtaPi::Negative::D0- 1.0
scale EtaPi::Negative::D1- 1.0
scale EtaPi::Positive::P1+ 1.0
scale EtaPi::Positive::D1+ 1.0
initialize EtaPi::Negative::S0- cartesian 264.863350676 0 real
initialize EtaPi::Negative::P0- cartesian 21.1480235748 13.9788865149
initialize EtaPi::Negative::P1- cartesian -1.27818450089 61.9054254825
initialize EtaPi::Negative::D0- cartesian 161.587637708 92.8174403709
initialize EtaPi::Negative::D1- cartesian 4.94548412238 8.32596114101
initialize EtaPi::Positive::P1+ cartesian 57.3363846808 -16.5059959379
initialize EtaPi::Positive::D1+ cartesian 94.8797584514 0 real
data EtaPi ROOTDataReader data_pi0eta_tLT1_54.root
genmc EtaPi ROOTDataReader thrown_pi0eta_tLT1_54.root
accmc EtaPi ROOTDataReader reco_pi0eta_tLT1_54.root
normintfile EtaPi bin_54.ni
