*** DO NOT EDIT THIS FILE - IT IS FORMATTED FOR INPUT ***
+++ Reactions, Amplitudes, and Scale Parameters +++
  1
  EtaPi	7
  EtaPi::Negative::S0-	-	1
  EtaPi::Negative::P0-	-	1
  EtaPi::Negative::P1-	-	1
  EtaPi::Negative::D0-	-	1
  EtaPi::Negative::D1-	-	1
  EtaPi::Positive::P1+	-	1
  EtaPi::Positive::D1+	-	1
+++ Likelihood Total and Partial Sums +++
  -32529.5699568556
  EtaPi	-32529.5699568556
+++ Fitter Information +++
  lastMinuitCommand	1
  lastMinuitCommandStatus	0
  eMatrixStatus	2
  minuitPrecision	1e-13
  minuitStrategy	1
  estDistToMinimum	4.28168715338294e-05
  bestMinimum	-32529.5699568556
+++ Parameter Values and Errors +++
  14
  EtaPi::Negative::S0-_re	16.2792646067193
  EtaPi::Negative::S0-_im	0
  EtaPi::Negative::P0-_re	0.862509980077546
  EtaPi::Negative::P0-_im	6.23744400811809
  EtaPi::Negative::P1-_re	38.4084064669154
  EtaPi::Negative::P1-_im	62.1127989520634
  EtaPi::Negative::D0-_re	116.898683451397
  EtaPi::Negative::D0-_im	-70.9604607539412
  EtaPi::Negative::D1-_re	-2.87475015554834
  EtaPi::Negative::D1-_im	1.11857626405934
  EtaPi::Positive::P1+_re	39.5012436001723
  EtaPi::Positive::P1+_im	-59.3692758618411
  EtaPi::Positive::D1+_re	-1.26368637029824
  EtaPi::Positive::D1+_im	0
  10.9196662570321	  0	  -0.493817876000847	  -0.948130236239574	  5.54992281197699	  0.0141123490896901	  -5.7158432498168	  -1.49548832842741	  0.264088163867862	  -0.167235777887756	  8.44440461214885	  1.68009151865997	  -0.214061451374992	  0	
  0	  0	  0	  0	  0	  0	  0	  0	  0	  0	  0	  0	  0	  0	
  -0.493817876000847	  0	  9.43493278671446	  6.12113724320457	  7.7448872936372	  -5.51426018572726	  -8.4554876217249	  -14.4405711725326	  -2.18680366057699	  0.463683216181731	  6.88734006154646	  5.32855907461845	  -2.02689705368967	  0	
  -0.948130236239574	  0	  6.12113724320457	  16.4454061013598	  -1.86443295785669	  0.594402548735477	  1.56078547471249	  2.9490384948597	  -3.66793662761268	  2.06104944478841	  -0.342913980514934	  0.0261851791890066	  -0.0901983080103873	  0	
  5.54992281197699	  0	  7.7448872936372	  -1.86443295785669	  89.7427752790939	  -53.7821445243222	  -88.1348610339435	  -149.44954082727	  0.984032272020711	  2.93860311188099	  -5.88764985878301	  1.26863318656553	  -1.08668674765123	  0	
  0.0141123490896901	  0	  -5.51426018572726	  0.594402548735477	  -53.7821445243222	  45.7758552209236	  56.813966170743	  103.789655284563	  -0.797458872015215	  -2.3327309794162	  -0.475392845692983	  -2.36017248995647	  0.590685700149823	  0	
  -5.7158432498168	  0	  -8.4554876217249	  1.56078547471249	  -88.1348610339435	  56.813966170743	  97.4766139158806	  158.685548857445	  -1.05741322156292	  -3.33203311519284	  -1.75797268479658	  -3.17183882830693	  0.914615156023501	  0	
  -1.49548832842741	  0	  -14.4405711725326	  2.9490384948597	  -149.44954082727	  103.789655284563	  158.685548857445	  285.378261209392	  -2.40096878723724	  -5.6736567682306	  16.3407694940115	  -0.723938443411354	  1.31868579056277	  0	
  0.264088163867862	  0	  -2.18680366057699	  -3.66793662761268	  0.984032272020711	  -0.797458872015215	  -1.05741322156292	  -2.40096878723724	  8.49816376216179	  0.149918888186242	  8.70681765681493	  5.98104452654465	  -2.14914887112277	  0	
  -0.167235777887756	  0	  0.463683216181731	  2.06104944478841	  2.93860311188099	  -2.3327309794162	  -3.33203311519284	  -5.6736567682306	  0.149918888186242	  9.0969915688505	  18.9162280245792	  12.7605348385506	  -4.71717620878792	  0	
  8.44440461214885	  0	  6.88734006154646	  -0.342913980514934	  -5.88764985878301	  -0.475392845692983	  -1.75797268479658	  16.3407694940115	  8.70681765681493	  18.9162280245792	  3993.02445115717	  2639.24840794788	  9.50640947248595	  0	
  1.68009151865997	  0	  5.32855907461845	  0.0261851791890066	  1.26863318656553	  -2.36017248995647	  -3.17183882830693	  -0.723938443411354	  5.98104452654465	  12.7605348385506	  2639.24840794788	  1758.59223277948	  6.07647519520935	  0	
  -0.214061451374992	  0	  -2.02689705368967	  -0.0901983080103873	  -1.08668674765123	  0.590685700149823	  0.914615156023501	  1.31868579056277	  -2.14914887112277	  -4.71717620878792	  9.50640947248595	  6.07647519520935	  28.6978704235575	  0	
  0	  0	  0	  0	  0	  0	  0	  0	  0	  0	  0	  0	  0	  0	
+++ Normalization Integrals +++
  EtaPi
8418	8418
7
EtaPi::Negative::S0-
EtaPi::Negative::P0-
EtaPi::Negative::P1-
EtaPi::Negative::D0-
EtaPi::Negative::D1-
EtaPi::Positive::P1+
EtaPi::Positive::D1+
(0.0795772854596528,0)	(0.00225246177601227,-0)	(-0.000830537122369464,-0)	(5.29197511613426e-05,-0)	(-0.000269539009332516,-0)	(0,-0)	(0,-0)	
(0.00225246177601227,0)	(0.0796246183240178,0)	(-0.000208784018859615,-0)	(0.00200154451494641,-0)	(-0.000946149264889759,-0)	(0,-0)	(0,-0)	
(-0.000830537122369464,0)	(-0.000208784018859615,0)	(0.0777432833704789,0)	(0.000109179432561091,-0)	(0.00224115538660732,-0)	(0,-0)	(0,-0)	
(5.29197511613426e-05,0)	(0.00200154451494641,0)	(0.000109179432561091,0)	(0.0797433053206898,0)	(0.000193527341963032,-0)	(0,-0)	(0,-0)	
(-0.000269539009332516,0)	(-0.000946149264889759,0)	(0.00224115538660732,0)	(0.000193527341963032,0)	(0.0778771502960784,0)	(0,-0)	(0,-0)	
(0,0)	(0,0)	(0,0)	(0,0)	(0,0)	(0.0813639546844185,0)	(0.00126349138203687,-0)	
(0,0)	(0,0)	(0,0)	(0,0)	(0,0)	(0.00126349138203687,0)	(0.0811349489157621,0)	
(0.0795772854596528,0)	(0.00225246177601227,-0)	(-0.000830537122369464,-0)	(5.29197511613426e-05,-0)	(-0.000269539009332516,-0)	(0,-0)	(0,-0)	
(0.00225246177601227,0)	(0.0796246183240178,0)	(-0.000208784018859615,-0)	(0.00200154451494641,-0)	(-0.000946149264889759,-0)	(0,-0)	(0,-0)	
(-0.000830537122369464,0)	(-0.000208784018859615,0)	(0.0777432833704789,0)	(0.000109179432561091,-0)	(0.00224115538660732,-0)	(0,-0)	(0,-0)	
(5.29197511613426e-05,0)	(0.00200154451494641,0)	(0.000109179432561091,0)	(0.0797433053206898,0)	(0.000193527341963032,-0)	(0,-0)	(0,-0)	
(-0.000269539009332516,0)	(-0.000946149264889759,0)	(0.00224115538660732,0)	(0.000193527341963032,0)	(0.0778771502960784,0)	(0,-0)	(0,-0)	
(0,0)	(0,0)	(0,0)	(0,0)	(0,0)	(0.0813639546844185,0)	(0.00126349138203687,-0)	
(0,0)	(0,0)	(0,0)	(0,0)	(0,0)	(0.00126349138203687,0)	(0.0811349489157621,0)	
+++ Below these two lines is a config file that is   +++
+++ functionally equivalent to that used in the fit. +++
### FIT CONFIGURATION ###
fit bin_23
reaction EtaPi gamma Proton Pi0 Eta
sum EtaPi::Positive
sum EtaPi::Negative
amplitude EtaPi::Negative::S0- TwoPSAngles 0 0 -1
amplitude EtaPi::Negative::P0- TwoPSAngles 1 0 -1
amplitude EtaPi::Negative::P1- TwoPSAngles 1 1 -1
amplitude EtaPi::Negative::D0- TwoPSAngles 2 0 -1
amplitude EtaPi::Negative::D1- TwoPSAngles 2 1 -1
amplitude EtaPi::Positive::P1+ TwoPSAngles 1 1 1
amplitude EtaPi::Positive::D1+ TwoPSAngles 2 1 1
scale EtaPi::Negative::S0- 1.0
scale EtaPi::Negative::P0- 1.0
scale EtaPi::Negative::P1- 1.0
scale EtaPi::Negative::D0- 1.0
scale EtaPi::Negative::D1- 1.0
scale EtaPi::Positive::P1+ 1.0
scale EtaPi::Positive::D1+ 1.0
initialize EtaPi::Negative::S0- cartesian 170.877244595 0 real
initialize EtaPi::Negative::P0- cartesian 31.3541817149 42.9193658164
initialize EtaPi::Negative::P1- cartesian 4.59271620706 9.32354316731
initialize EtaPi::Negative::D0- cartesian 206.262776496 53.6664236135
initialize EtaPi::Negative::D1- cartesian 24.4082248369 -19.1080890601
initialize EtaPi::Positive::P1+ cartesian 30.5466688097 -12.1704139594
initialize EtaPi::Positive::D1+ cartesian 86.4420992254 0 real
data EtaPi ROOTDataReader data_pi0eta_tLT1_23.root
genmc EtaPi ROOTDataReader thrown_pi0eta_tLT1_23.root
accmc EtaPi ROOTDataReader reco_pi0eta_tLT1_23.root
normintfile EtaPi bin_23.ni
