*** DO NOT EDIT THIS FILE - IT IS FORMATTED FOR INPUT ***
+++ Reactions, Amplitudes, and Scale Parameters +++
  1
  EtaPi	7
  EtaPi::Negative::S0-	-	1
  EtaPi::Negative::P0-	-	1
  EtaPi::Negative::P1-	-	1
  EtaPi::Negative::D0-	-	1
  EtaPi::Negative::D1-	-	1
  EtaPi::Positive::P1+	-	1
  EtaPi::Positive::D1+	-	1
+++ Likelihood Total and Partial Sums +++
  -5369.58327623986
  EtaPi	-5369.58327623986
+++ Fitter Information +++
  lastMinuitCommand	1
  lastMinuitCommandStatus	0
  eMatrixStatus	3
  minuitPrecision	1e-13
  minuitStrategy	1
  estDistToMinimum	1.01288702638705e-05
  bestMinimum	-5369.58327623986
+++ Parameter Values and Errors +++
  14
  EtaPi::Negative::S0-_re	23.458274434762
  EtaPi::Negative::S0-_im	0
  EtaPi::Negative::P0-_re	-4.92711092779867
  EtaPi::Negative::P0-_im	4.78545398097134
  EtaPi::Negative::P1-_re	-5.86992293874486
  EtaPi::Negative::P1-_im	-2.78125350850053
  EtaPi::Negative::D0-_re	5.86445338816241
  EtaPi::Negative::D0-_im	71.7466095718857
  EtaPi::Negative::D1-_re	-5.87990706142548
  EtaPi::Negative::D1-_im	4.02418632500161
  EtaPi::Positive::P1+_re	-6.54745943099422
  EtaPi::Positive::P1+_im	0.0182477456111558
  EtaPi::Positive::D1+_re	-5.86683016074786
  EtaPi::Positive::D1+_im	0
  37.0689292842365	  0	  21.3245083242916	  -3.2058720087418	  13.6176596278661	  0.465231306379375	  0.976007707845452	  -4.75127521195145	  10.0431707224865	  0.620508547901526	  17.5652333986313	  -0.220130157545121	  16.4932411478763	  0	
  0	  0	  0	  0	  0	  0	  0	  0	  0	  0	  0	  0	  0	  0	
  21.3245083242916	  0	  33.998688206299	  -6.97742167075486	  14.6053759050322	  2.89883929653019	  2.50920402391093	  0.128445334486313	  8.5694478964313	  -0.286012847707001	  17.6078362245289	  0.453735941335507	  15.2010137460083	  0	
  -3.2058720087418	  0	  -6.97742167075486	  6.28378459009252	  -3.16866113682958	  -0.865246045176388	  3.16637713862899	  -0.736215073015652	  -1.25777691680996	  0.156954198233158	  -2.79403455389783	  -0.00747210272390227	  -1.61235692815704	  0	
  13.6176596278661	  0	  14.6053759050322	  -3.16866113682958	  21.4740723665045	  3.24151924023958	  -4.59272036415843	  0.769822117922275	  6.42117343501633	  -1.81681120150958	  8.94540901693526	  0.0121377795514193	  7.18874100405228	  0	
  0.465231306379375	  0	  2.89883929653019	  -0.865246045176388	  3.24151924023958	  5.35019555885902	  2.00033138371576	  0.536540506352796	  0.618865869800717	  -0.527075731683448	  1.14119849962193	  0.0943490438758107	  1.29882331010048	  0	
  0.976007707845452	  0	  2.50920402391093	  3.16637713862899	  -4.59272036415843	  2.00033138371576	  44.5220958666441	  -4.40612946121447	  3.36888473398603	  1.92594455331251	  -4.63328855564722	  0.94867726793033	  5.13819253729588	  0	
  -4.75127521195145	  0	  0.128445334486313	  -0.736215073015652	  0.769822117922275	  0.536540506352796	  -4.40612946121447	  5.12556083381551	  -0.838246344002278	  -0.781343024200755	  0.849641979620155	  -0.220872404599855	  -1.37593107489341	  0	
  10.0431707224865	  0	  8.5694478964313	  -1.25777691680996	  6.42117343501633	  0.618865869800717	  3.36888473398603	  -0.838246344002278	  11.1880518875809	  -1.15759747629338	  4.95018758606369	  0.0519608805812803	  5.07948781436963	  0	
  0.620508547901526	  0	  -0.286012847707001	  0.156954198233158	  -1.81681120150958	  -0.527075731683448	  1.92594455331251	  -0.781343024200755	  -1.15759747629338	  6.13693661287897	  0.238885182429577	  0.0489065788118956	  0.934916891815434	  0	
  17.5652333986313	  0	  17.6078362245289	  -2.79403455389783	  8.94540901693526	  1.14119849962193	  -4.63328855564722	  0.849641979620155	  4.95018758606369	  0.238885182429577	  44.8309891002423	  1.39512900628061	  0.778339114587875	  0	
  -0.220130157545121	  0	  0.453735941335507	  -0.00747210272390227	  0.0121377795514193	  0.0943490438758107	  0.94867726793033	  -0.220872404599855	  0.0519608805812803	  0.0489065788118956	  1.39512900628061	  89.4001824768828	  1.13181879736209	  0	
  16.4932411478763	  0	  15.2010137460083	  -1.61235692815704	  7.18874100405228	  1.29882331010048	  5.13819253729588	  -1.37593107489341	  5.07948781436963	  0.934916891815434	  0.778339114587875	  1.13181879736209	  31.7054101928456	  0	
  0	  0	  0	  0	  0	  0	  0	  0	  0	  0	  0	  0	  0	  0	
+++ Normalization Integrals +++
  EtaPi
8651	8651
7
EtaPi::Negative::S0-
EtaPi::Negative::P0-
EtaPi::Negative::P1-
EtaPi::Negative::D0-
EtaPi::Negative::D1-
EtaPi::Positive::P1+
EtaPi::Positive::D1+
(0.0795772854596531,0)	(-0.000174178268176484,-0)	(-0.000495332241028313,-0)	(0.00253961889727293,-0)	(0.000220991119425608,-0)	(0,-0)	(0,-0)	
(-0.000174178268176484,0)	(0.081848789656136,0)	(0.000171178985039023,-0)	(0.000437690508881777,-0)	(-0.000362426264102388,-0)	(0,-0)	(0,-0)	
(-0.000495332241028313,0)	(0.000171178985039023,0)	(0.0794098032909235,0)	(0.000239927929481953,-0)	(-0.0010179587622338,-0)	(0,-0)	(0,-0)	
(0.00253961889727293,0)	(0.000437690508881777,0)	(0.000239927929481953,0)	(0.0809804133154249,0)	(0.000543958805608281,-0)	(0,-0)	(0,-0)	
(0.000220991119425608,0)	(-0.000362426264102388,0)	(-0.0010179587622338,0)	(0.000543958805608281,0)	(0.08038070381924,0)	(0,-0)	(0,-0)	
(0,0)	(0,0)	(0,0)	(0,0)	(0,0)	(0.0774732634318549,0)	(6.28309413720092e-05,-0)	
(0,0)	(0,0)	(0,0)	(0,0)	(0,0)	(6.28309413720092e-05,0)	(0.0806888702864849,0)	
(0.0795772854596531,0)	(-0.000174178268176484,-0)	(-0.000495332241028313,-0)	(0.00253961889727293,-0)	(0.000220991119425608,-0)	(0,-0)	(0,-0)	
(-0.000174178268176484,0)	(0.081848789656136,0)	(0.000171178985039023,-0)	(0.000437690508881777,-0)	(-0.000362426264102388,-0)	(0,-0)	(0,-0)	
(-0.000495332241028313,0)	(0.000171178985039023,0)	(0.0794098032909235,0)	(0.000239927929481953,-0)	(-0.0010179587622338,-0)	(0,-0)	(0,-0)	
(0.00253961889727293,0)	(0.000437690508881777,0)	(0.000239927929481953,0)	(0.0809804133154249,0)	(0.000543958805608281,-0)	(0,-0)	(0,-0)	
(0.000220991119425608,0)	(-0.000362426264102388,0)	(-0.0010179587622338,0)	(0.000543958805608281,0)	(0.08038070381924,0)	(0,-0)	(0,-0)	
(0,0)	(0,0)	(0,0)	(0,0)	(0,0)	(0.0774732634318549,0)	(6.28309413720092e-05,-0)	
(0,0)	(0,0)	(0,0)	(0,0)	(0,0)	(6.28309413720092e-05,0)	(0.0806888702864849,0)	
+++ Below these two lines is a config file that is   +++
+++ functionally equivalent to that used in the fit. +++
### FIT CONFIGURATION ###
fit bin_46
reaction EtaPi gamma Proton Pi0 Eta
sum EtaPi::Positive
sum EtaPi::Negative
amplitude EtaPi::Negative::S0- TwoPSAngles 0 0 -1
amplitude EtaPi::Negative::P0- TwoPSAngles 1 0 -1
amplitude EtaPi::Negative::P1- TwoPSAngles 1 1 -1
amplitude EtaPi::Negative::D0- TwoPSAngles 2 0 -1
amplitude EtaPi::Negative::D1- TwoPSAngles 2 1 -1
amplitude EtaPi::Positive::P1+ TwoPSAngles 1 1 1
amplitude EtaPi::Positive::D1+ TwoPSAngles 2 1 1
scale EtaPi::Negative::S0- 1.0
scale EtaPi::Negative::P0- 1.0
scale EtaPi::Negative::P1- 1.0
scale EtaPi::Negative::D0- 1.0
scale EtaPi::Negative::D1- 1.0
scale EtaPi::Positive::P1+ 1.0
scale EtaPi::Positive::D1+ 1.0
initialize EtaPi::Negative::S0- cartesian 457.569397594 0 real
initialize EtaPi::Negative::P0- cartesian 58.264585138 46.5246942732
initialize EtaPi::Negative::P1- cartesian 35.3953646905 25.6422852436
initialize EtaPi::Negative::D0- cartesian 230.285173441 83.3776463005
initialize EtaPi::Negative::D1- cartesian -2.66373964238 26.2216208135
initialize EtaPi::Positive::P1+ cartesian 40.0154405526 -20.1551421012
initialize EtaPi::Positive::D1+ cartesian 79.8523346237 0 real
data EtaPi ROOTDataReader data_pi0eta_tLT1_46.root
genmc EtaPi ROOTDataReader thrown_pi0eta_tLT1_46.root
accmc EtaPi ROOTDataReader reco_pi0eta_tLT1_46.root
normintfile EtaPi bin_46.ni
