
## CONFIGURATION INFO DISPLAY ##

############################################
#############   REACTION INFO  #############
############################################
      REACTION NAME:  EtaPi
      PARTICLE LIST:  4
		1.  gamma
		2.  Proton
		3.  Pi0
		4.  Eta
        DATA READER:  ROOTDataReader
				data_pi0eta_tLT1_9.root
      ACC MC READER:  ROOTDataReader
				reco_pi0eta_tLT1_9.root
      GEN MC READER:  ROOTDataReader
				thrown_pi0eta_tLT1_9.root
  NORMALIZATION INTEGRAL FILE: 
		    bin_9.ni
********************************************
***********  COHERENT SUM INFO  ************
********************************************
      REACTION NAME:  EtaPi
  COHERENT SUM NAME:  Positive
++++++++++++++++++++++++++++++++++++++++++++
+++++++++++++  AMPLITUDE INFO  +++++++++++++
++++++++++++++++++++++++++++++++++++++++++++
      REACTION NAME:  EtaPi
  COHERENT SUM NAME:  Positive
     AMPLITUDE NAME:  P1+
            FACTORS:  1
		1.   TwoPSAngles 1 1 1
       PERMUTATIONS:  0
        CONSTRAINTS:  0
         PARAMETERS:  0
      INITIAL VALUE:  (38.5445,-10.2858)
               REAL?  0
              FIXED?  0
              SCALE:  1.0
++++++++++++++++++++++++++++++++++++++++++++
+++++++++++++  AMPLITUDE INFO  +++++++++++++
++++++++++++++++++++++++++++++++++++++++++++
      REACTION NAME:  EtaPi
  COHERENT SUM NAME:  Positive
     AMPLITUDE NAME:  D1+
            FACTORS:  1
		1.   TwoPSAngles 2 1 1
       PERMUTATIONS:  0
        CONSTRAINTS:  0
         PARAMETERS:  0
      INITIAL VALUE:  (57.095,0)
               REAL?  1
              FIXED?  0
              SCALE:  1.0
********************************************
***********  COHERENT SUM INFO  ************
********************************************
      REACTION NAME:  EtaPi
  COHERENT SUM NAME:  Negative
++++++++++++++++++++++++++++++++++++++++++++
+++++++++++++  AMPLITUDE INFO  +++++++++++++
++++++++++++++++++++++++++++++++++++++++++++
      REACTION NAME:  EtaPi
  COHERENT SUM NAME:  Negative
     AMPLITUDE NAME:  S0-
            FACTORS:  1
		1.   TwoPSAngles 0 0 -1
       PERMUTATIONS:  0
        CONSTRAINTS:  0
         PARAMETERS:  0
      INITIAL VALUE:  (326.255,0)
               REAL?  1
              FIXED?  0
              SCALE:  1.0
++++++++++++++++++++++++++++++++++++++++++++
+++++++++++++  AMPLITUDE INFO  +++++++++++++
++++++++++++++++++++++++++++++++++++++++++++
      REACTION NAME:  EtaPi
  COHERENT SUM NAME:  Negative
     AMPLITUDE NAME:  P0-
            FACTORS:  1
		1.   TwoPSAngles 1 0 -1
       PERMUTATIONS:  0
        CONSTRAINTS:  0
         PARAMETERS:  0
      INITIAL VALUE:  (57.8639,42.495)
               REAL?  0
              FIXED?  0
              SCALE:  1.0
++++++++++++++++++++++++++++++++++++++++++++
+++++++++++++  AMPLITUDE INFO  +++++++++++++
++++++++++++++++++++++++++++++++++++++++++++
      REACTION NAME:  EtaPi
  COHERENT SUM NAME:  Negative
     AMPLITUDE NAME:  P1-
            FACTORS:  1
		1.   TwoPSAngles 1 1 -1
       PERMUTATIONS:  0
        CONSTRAINTS:  0
         PARAMETERS:  0
      INITIAL VALUE:  (-4.92862,53.8057)
               REAL?  0
              FIXED?  0
              SCALE:  1.0
++++++++++++++++++++++++++++++++++++++++++++
+++++++++++++  AMPLITUDE INFO  +++++++++++++
++++++++++++++++++++++++++++++++++++++++++++
      REACTION NAME:  EtaPi
  COHERENT SUM NAME:  Negative
     AMPLITUDE NAME:  D0-
            FACTORS:  1
		1.   TwoPSAngles 2 0 -1
       PERMUTATIONS:  0
        CONSTRAINTS:  0
         PARAMETERS:  0
      INITIAL VALUE:  (340.608,86.8325)
               REAL?  0
              FIXED?  0
              SCALE:  1.0
++++++++++++++++++++++++++++++++++++++++++++
+++++++++++++  AMPLITUDE INFO  +++++++++++++
++++++++++++++++++++++++++++++++++++++++++++
      REACTION NAME:  EtaPi
  COHERENT SUM NAME:  Negative
     AMPLITUDE NAME:  D1-
            FACTORS:  1
		1.   TwoPSAngles 2 1 -1
       PERMUTATIONS:  0
        CONSTRAINTS:  0
         PARAMETERS:  0
      INITIAL VALUE:  (15.3093,25.159)
               REAL?  0
              FIXED?  0
              SCALE:  1.0
 **********
 **    1 **SET STRATEGY  1
 **********
 NOW USING STRATEGY  1: TRY TO BALANCE SPEED AGAINST RELIABILITY
 **********
 **    2 **SET EPS  1e-13
 **********
 FLOATING-POINT NUMBERS ASSUMED ACCURATE TO 1e-13

## AMPLITUDE MANAGER INITIALIZATION ##
 Creating amplitude manager for reaction:  EtaPi
	 particle index assignment:  gamma -->> 0
	 particle index assignment:  Proton -->> 1
	 particle index assignment:  Pi0 -->> 2
	 particle index assignment:  Eta -->> 3
 PARAMETER DEFINITIONS:
    NO.   NAME                 VALUE      STEP SIZE      LIMITS
     1 EtaPi::Negative::S0-_re       326.26       3.2626     no limits
     2 EtaPi::Negative::P0-_re       57.864      0.57864     no limits
     3 EtaPi::Negative::P0-_im       42.495      0.42495     no limits
     4 EtaPi::Negative::P1-_re      -4.9286     0.049286     no limits
     5 EtaPi::Negative::P1-_im       53.806      0.53806     no limits
     6 EtaPi::Negative::D0-_re       340.61       3.4061     no limits
     7 EtaPi::Negative::D0-_im       86.833      0.86833     no limits
     8 EtaPi::Negative::D1-_re       15.309      0.15309     no limits
     9 EtaPi::Negative::D1-_im       25.159      0.25159     no limits
    10 EtaPi::Positive::P1+_re       38.545      0.38545     no limits
    11 EtaPi::Positive::P1+_im      -10.286      0.10286     no limits
    12 EtaPi::Positive::D1+_re       57.095      0.57095     no limits
Allocating Data and Amplitude Array in LikelihoodCalculator for EtaPi...
Resetting source kin in data_pi0eta_tLT1_9.root
	Done.
Loading acccepted Monte Carlo...
Resetting source kin in reco_pi0eta_tLT1_9.root
	Done.
Calculating integrals...
	Done.
LIKELIHOOD BEFORE MINIMIZATION:  -37739
 **********
 **    3 **MIGRAD 5000
 **********
 FIRST CALL TO USER FUNCTION AT NEW START POINT, WITH IFLAG=4.
 START MIGRAD MINIMIZATION.  STRATEGY 1.  CONVERGENCE WHEN EDM .LT. 1.00e-04
 FCN=-38674.3 FROM MIGRAD     STATUS=INITIATE      113         114 TOTAL

                     EDM= unknown      STRATEGY= 1      NO ERROR MATRIX       
  EXT PARAMETER                          CURRENT GUESS       STEP         FIRST   
  NO.   NAME                   VALUE          ERROR          SIZE      DERIVATIVE 
    1 EtaPi::Negative::S0-_re        326.26        3.2626             0        84.496
    2 EtaPi::Negative::P0-_re        57.864       0.57864             0        23.969
    3 EtaPi::Negative::P0-_im        42.495       0.42495             0        6.4858
    4 EtaPi::Negative::P1-_re       -4.9286      0.049286             0        2.6085
    5 EtaPi::Negative::P1-_im        53.806       0.53806             0        5.5866
    6 EtaPi::Negative::D0-_re        340.61        3.4061             0        98.294
    7 EtaPi::Negative::D0-_im        86.833       0.86833             0        11.032
    8 EtaPi::Negative::D1-_re        15.309       0.15309             0        6.2044
    9 EtaPi::Negative::D1-_im        25.159       0.25159             0        1.2572
   10 EtaPi::Positive::P1+_re        120.11       0.38545             0        4.8964
   11 EtaPi::Positive::P1+_im       -57.028       0.10286       -46.743    -0.0062297
   12 EtaPi::Positive::D1+_re        57.095       0.57095             0        18.677

 MIGRAD FAILS TO FIND IMPROVEMENT
 MIGRAD MINIMIZATION HAS CONVERGED.
 FCN=-65153 FROM MIGRAD     STATUS=CONVERGED     857         858 TOTAL

                     EDM=7.45806e-05    STRATEGY= 1  ERROR MATRIX UNCERTAINTY     3 per cent
  EXT PARAMETER                                              STEP         FIRST   
  NO.   NAME                   VALUE          ERROR          SIZE      DERIVATIVE 
    1 EtaPi::Negative::S0-_re        -163.7        23.041            -0   -0.00063368
    2 EtaPi::Negative::P0-_re         2.593        3.5366             0   -0.00032868
    3 EtaPi::Negative::P0-_im       -12.106        24.638             0   -0.00091038
    4 EtaPi::Negative::P1-_re        -5.314         3.047            -0    0.00027099
    5 EtaPi::Negative::P1-_im       -114.78        14.543             0    -0.0011387
    6 EtaPi::Negative::D0-_re        -36.88        12.132             0    0.00036289
    7 EtaPi::Negative::D0-_im       -5.6766         4.943            -0     0.0014653
    8 EtaPi::Negative::D1-_re        7.9713        12.566            -0   -0.00050351
    9 EtaPi::Negative::D1-_im       0.16629        4.0303             0   -0.00058179
   10 EtaPi::Positive::P1+_re        109.01        9.9798            -0     -0.001141
   11 EtaPi::Positive::P1+_im        -43.58        19.526             0    -0.0011265
   12 EtaPi::Positive::D1+_re        0.9493        3.9385             0    -0.0005931

 EXTERNAL ERROR MATRIX.    NDIM= 100    NPAR= 12    ERR DEF=1
         531
      -0.676       12.5
       -30.8      -36.4        607
       -9.48       1.16      -9.49       9.28
        -327       3.65      -20.5       5.92        212
        -271       3.81      -32.3       5.45        171        147
        53.6     -0.922      -4.03       3.09      -34.7      -28.3       24.4
        50.7       18.6       -302          4      -11.9       -2.1       5.67        158
     -0.0888       -9.2       40.3      -1.83      -2.58      -3.51      -2.01      -20.4       16.2
         204       6.31      -87.2      -3.65       -117      -98.1       14.9       58.2       -4.2       99.6
        -355       20.6       -222       6.92        239        203      -51.8       89.1      -16.3      -92.7        381
       -8.21       7.61      -15.8      0.789       7.15        6.3       -2.6       7.91      -4.62       2.41       20.5
        15.5
 PARAMETER  CORRELATION COEFFICIENTS  
       NO.  GLOBAL      1      2      3      4      5      6      7      8      9     10     11     12
      1:     0.994  1.000 -0.008 -0.054 -0.135 -0.976 -0.968  0.471  0.175 -0.001  0.887 -0.789 -0.091
      2:     0.772 -0.008  1.000 -0.418  0.108  0.071  0.089 -0.053  0.419 -0.645  0.179  0.299  0.547
      3:     0.985 -0.054 -0.418  1.000 -0.126 -0.057 -0.108 -0.033 -0.977  0.406 -0.355 -0.461 -0.163
      4:     0.371 -0.135  0.108 -0.126  1.000  0.133  0.147  0.205  0.104 -0.149 -0.120  0.116  0.066
      5:     0.986 -0.976  0.071 -0.057  0.133  1.000  0.969 -0.482 -0.065 -0.044 -0.807  0.842  0.125
      6:     0.983 -0.968  0.089 -0.108  0.147  0.969  1.000 -0.473 -0.014 -0.072 -0.810  0.859  0.132
      7:     0.720  0.471 -0.053 -0.033  0.205 -0.482 -0.473  1.000  0.091 -0.101  0.301 -0.536 -0.133
      8:     0.986  0.175  0.419 -0.977  0.104 -0.065 -0.014  0.091  1.000 -0.403  0.464  0.363  0.160
      9:     0.689 -0.001 -0.645  0.406 -0.149 -0.044 -0.072 -0.101 -0.403  1.000 -0.104 -0.207 -0.291
     10:     0.967  0.887  0.179 -0.355 -0.120 -0.807 -0.810  0.301  0.464 -0.104  1.000 -0.476  0.061
     11:     0.970 -0.789  0.299 -0.461  0.116  0.842  0.859 -0.536  0.363 -0.207 -0.476  1.000  0.266
     12:     0.598 -0.091  0.547 -0.163  0.066  0.125  0.132 -0.133  0.160 -0.291  0.061  0.266  1.000

 MIGRAD evaluation total wall time:  0.43472 s.
    average time per function call:  0.50607 ms.

LIKELIHOOD AFTER MINIMIZATION:  -65153
Loading generated Monte Carlo...
Resetting source kin in thrown_pi0eta_tLT1_9.root
	Done.
Calculating integrals...
	Done.
Loading acccepted Monte Carlo...
Resetting source kin in reco_pi0eta_tLT1_9.root
	Done.
Calculating integrals...
	Done.
