*** DO NOT EDIT THIS FILE - IT IS FORMATTED FOR INPUT ***
+++ Reactions, Amplitudes, and Scale Parameters +++
  1
  EtaPi	7
  EtaPi::Negative::S0-	-	1
  EtaPi::Negative::P0-	-	1
  EtaPi::Negative::P1-	-	1
  EtaPi::Negative::D0-	-	1
  EtaPi::Negative::D1-	-	1
  EtaPi::Positive::P1+	-	1
  EtaPi::Positive::D1+	-	1
+++ Likelihood Total and Partial Sums +++
  -65153.0119205303
  EtaPi	-65153.0119205303
+++ Fitter Information +++
  lastMinuitCommand	1
  lastMinuitCommandStatus	0
  eMatrixStatus	3
  minuitPrecision	1e-13
  minuitStrategy	1
  estDistToMinimum	7.45805674809082e-05
  bestMinimum	-65153.0119205303
+++ Parameter Values and Errors +++
  14
  EtaPi::Negative::S0-_re	-163.703968577892
  EtaPi::Negative::S0-_im	0
  EtaPi::Negative::P0-_re	2.59303711130337
  EtaPi::Negative::P0-_im	-12.1059091391938
  EtaPi::Negative::P1-_re	-5.31401364492228
  EtaPi::Negative::P1-_im	-114.777905717662
  EtaPi::Negative::D0-_re	-36.8803236879333
  EtaPi::Negative::D0-_im	-5.67655226111378
  EtaPi::Negative::D1-_re	7.97126349525724
  EtaPi::Negative::D1-_im	0.166293977829548
  EtaPi::Positive::P1+_re	109.011339515339
  EtaPi::Positive::P1+_im	-43.5796138275783
  EtaPi::Positive::D1+_re	0.949298737420304
  EtaPi::Positive::D1+_im	0
  530.897676932898	  0	  -0.675870462449756	  -30.849323830759	  -9.47501404584141	  -327.216046517215	  -270.625826347058	  53.5970296774515	  50.6671853909879	  -0.088757527957874	  203.905345088045	  -354.878881761709	  -8.21331173472369	  0	
  0	  0	  0	  0	  0	  0	  0	  0	  0	  0	  0	  0	  0	  0	
  -0.675870462449756	  0	  12.5074429856208	  -36.4449916228176	  1.16363624397448	  3.65039347990355	  3.80930944971098	  -0.921543211553949	  18.6262584112427	  -9.19779431825613	  6.30999490481163	  20.6299088102003	  7.61272897800492	  0	
  -30.849323830759	  0	  -36.4449916228176	  607.015129157905	  -9.48740622009008	  -20.5270361626657	  -32.2962989588119	  -4.02903263179726	  -302.486081100986	  40.301786024157	  -87.2390689343936	  -221.583932835809	  -15.7874808008465	  0	
  -9.47501404584141	  0	  1.16363624397448	  -9.48740622009008	  9.28436435795478	  5.91526165578944	  5.45022059123333	  3.08799060783452	  3.99714464574685	  -1.83126793935266	  -3.65452470177381	  6.91844778636452	  0.788869165640976	  0	
  -327.216046517215	  0	  3.65039347990355	  -20.5270361626657	  5.91526165578944	  211.503481246053	  170.893184556726	  -34.6717888831139	  -11.900276450353	  -2.57993635963111	  -117.05502839213	  238.967384819406	  7.15247635847806	  0	
  -270.625826347058	  0	  3.80930944971098	  -32.2962989588119	  5.45022059123333	  170.893184556726	  147.18375672794	  -28.3475655565538	  -2.10166317218554	  -3.50878419409287	  -98.1302374041797	  203.489868993064	  6.29591759699509	  0	
  53.5970296774515	  0	  -0.921543211553949	  -4.02903263179726	  3.08799060783452	  -34.6717888831139	  -28.3475655565538	  24.4334679413771	  5.66532630672165	  -2.01155201334343	  14.8537989355172	  -51.7800724085668	  -2.59774237644422	  0	
  50.6671853909879	  0	  18.6262584112427	  -302.486081100986	  3.99714464574685	  -11.900276450353	  -2.10166317218554	  5.66532630672165	  157.904660888697	  -20.4205211082519	  58.1850742622942	  89.0695312350896	  7.90661641294375	  0	
  -0.088757527957874	  0	  -9.19779431825613	  40.301786024157	  -1.83126793935266	  -2.57993635963111	  -3.50878419409287	  -2.01155201334343	  -20.4205211082519	  16.2433855664866	  -4.19552467055954	  -16.292236845372	  -4.62178678238278	  0	
  203.905345088045	  0	  6.30999490481163	  -87.2390689343936	  -3.65452470177381	  -117.05502839213	  -98.1302374041797	  14.8537989355172	  58.1850742622942	  -4.19552467055954	  99.5962662846993	  -92.6898392227422	  2.4135482963358	  0	
  -354.878881761709	  0	  20.6299088102003	  -221.583932835809	  6.91844778636452	  238.967384819406	  203.489868993064	  -51.7800724085668	  89.0695312350896	  -16.292236845372	  -92.6898392227422	  381.253253141766	  20.4830067900061	  0	
  -8.21331173472369	  0	  7.61272897800492	  -15.7874808008465	  0.788869165640976	  7.15247635847806	  6.29591759699509	  -2.59774237644422	  7.90661641294375	  -4.62178678238278	  2.4135482963358	  20.4830067900061	  15.5121523095474	  0	
  0	  0	  0	  0	  0	  0	  0	  0	  0	  0	  0	  0	  0	  0	
+++ Normalization Integrals +++
  EtaPi
8408	8408
7
EtaPi::Negative::S0-
EtaPi::Negative::P0-
EtaPi::Negative::P1-
EtaPi::Negative::D0-
EtaPi::Negative::D1-
EtaPi::Positive::P1+
EtaPi::Positive::D1+
(0.0795772854596528,0)	(0.000546923546521015,-0)	(-0.00105509232144136,-0)	(0.000412527178812413,-0)	(8.37336124157295e-07,-0)	(0,-0)	(0,-0)	
(0.000546923546521015,0)	(0.0799462609853945,0)	(6.48597772809799e-07,-0)	(0.000283494086005333,-0)	(-0.000779896938871664,-0)	(0,-0)	(0,-0)	
(-0.00105509232144136,0)	(6.48597772809799e-07,0)	(0.078442249873784,0)	(0.000504218515243895,-0)	(0.000470052035142004,-0)	(0,-0)	(0,-0)	
(0.000412527178812413,0)	(0.000283494086005333,0)	(0.000504218515243895,0)	(0.0795847543600345,0)	(0.00055726443814892,-0)	(0,-0)	(0,-0)	
(8.37336124157295e-07,0)	(-0.000779896938871664,0)	(0.000470052035142004,0)	(0.00055726443814892,0)	(0.0799514819170893,0)	(0,-0)	(0,-0)	
(0,0)	(0,0)	(0,0)	(0,0)	(0,0)	(0.0803433455197365,0)	(0.000614747716003366,-0)	
(0,0)	(0,0)	(0,0)	(0,0)	(0,0)	(0.000614747716003366,0)	(0.0798080896779188,0)	
(0.0795772854596528,0)	(0.000546923546521015,-0)	(-0.00105509232144136,-0)	(0.000412527178812413,-0)	(8.37336124157295e-07,-0)	(0,-0)	(0,-0)	
(0.000546923546521015,0)	(0.0799462609853945,0)	(6.48597772809799e-07,-0)	(0.000283494086005333,-0)	(-0.000779896938871664,-0)	(0,-0)	(0,-0)	
(-0.00105509232144136,0)	(6.48597772809799e-07,0)	(0.078442249873784,0)	(0.000504218515243895,-0)	(0.000470052035142004,-0)	(0,-0)	(0,-0)	
(0.000412527178812413,0)	(0.000283494086005333,0)	(0.000504218515243895,0)	(0.0795847543600345,0)	(0.00055726443814892,-0)	(0,-0)	(0,-0)	
(8.37336124157295e-07,0)	(-0.000779896938871664,0)	(0.000470052035142004,0)	(0.00055726443814892,0)	(0.0799514819170893,0)	(0,-0)	(0,-0)	
(0,0)	(0,0)	(0,0)	(0,0)	(0,0)	(0.0803433455197365,0)	(0.000614747716003366,-0)	
(0,0)	(0,0)	(0,0)	(0,0)	(0,0)	(0.000614747716003366,0)	(0.0798080896779188,0)	
+++ Below these two lines is a config file that is   +++
+++ functionally equivalent to that used in the fit. +++
### FIT CONFIGURATION ###
fit bin_9
reaction EtaPi gamma Proton Pi0 Eta
sum EtaPi::Positive
sum EtaPi::Negative
amplitude EtaPi::Negative::S0- TwoPSAngles 0 0 -1
amplitude EtaPi::Negative::P0- TwoPSAngles 1 0 -1
amplitude EtaPi::Negative::P1- TwoPSAngles 1 1 -1
amplitude EtaPi::Negative::D0- TwoPSAngles 2 0 -1
amplitude EtaPi::Negative::D1- TwoPSAngles 2 1 -1
amplitude EtaPi::Positive::P1+ TwoPSAngles 1 1 1
amplitude EtaPi::Positive::D1+ TwoPSAngles 2 1 1
scale EtaPi::Negative::S0- 1.0
scale EtaPi::Negative::P0- 1.0
scale EtaPi::Negative::P1- 1.0
scale EtaPi::Negative::D0- 1.0
scale EtaPi::Negative::D1- 1.0
scale EtaPi::Positive::P1+ 1.0
scale EtaPi::Positive::D1+ 1.0
initialize EtaPi::Negative::S0- cartesian 326.255432767 0 real
initialize EtaPi::Negative::P0- cartesian 57.8639431519 42.4949828484
initialize EtaPi::Negative::P1- cartesian -4.92862396069 53.8056869546
initialize EtaPi::Negative::D0- cartesian 340.607595858 86.8325265298
initialize EtaPi::Negative::D1- cartesian 15.309336031 25.1590078474
initialize EtaPi::Positive::P1+ cartesian 38.5445035437 -10.2858407492
initialize EtaPi::Positive::D1+ cartesian 57.0950102848 0 real
data EtaPi ROOTDataReader data_pi0eta_tLT1_9.root
genmc EtaPi ROOTDataReader thrown_pi0eta_tLT1_9.root
accmc EtaPi ROOTDataReader reco_pi0eta_tLT1_9.root
normintfile EtaPi bin_9.ni
