*** DO NOT EDIT THIS FILE - IT IS FORMATTED FOR INPUT ***
+++ Reactions, Amplitudes, and Scale Parameters +++
  1
  EtaPi	7
  EtaPi::Negative::S0-	-	1
  EtaPi::Negative::P0-	-	1
  EtaPi::Negative::P1-	-	1
  EtaPi::Negative::D0-	-	1
  EtaPi::Negative::D1-	-	1
  EtaPi::Positive::P1+	-	1
  EtaPi::Positive::D1+	-	1
+++ Likelihood Total and Partial Sums +++
  -186073.381515808
  EtaPi	-186073.381515808
+++ Fitter Information +++
  lastMinuitCommand	1
  lastMinuitCommandStatus	0
  eMatrixStatus	3
  minuitPrecision	1e-13
  minuitStrategy	1
  estDistToMinimum	0.000229210231439528
  bestMinimum	-186073.381515808
+++ Parameter Values and Errors +++
  14
  EtaPi::Negative::S0-_re	-7.21915301469227
  EtaPi::Negative::S0-_im	0
  EtaPi::Negative::P0-_re	-3.42995921443276
  EtaPi::Negative::P0-_im	1.55649729258542
  EtaPi::Negative::P1-_re	-1.39046534029739
  EtaPi::Negative::P1-_im	36.7507983924759
  EtaPi::Negative::D0-_re	358.550997180872
  EtaPi::Negative::D0-_im	-44.9182604683899
  EtaPi::Negative::D1-_re	-3.99258458692929
  EtaPi::Negative::D1-_im	-8.43809899499646
  EtaPi::Positive::P1+_re	5.89272542253577
  EtaPi::Positive::P1+_im	-0.0260803744926233
  EtaPi::Positive::D1+_re	31.4931256574853
  EtaPi::Positive::D1+_im	0
  4.32656385342338	  0	  -0.419360272493748	  -2.28535663515554	  1.32276476631751	  7.33722674482982	  -1.05156329092564	  -2.26099317235318	  -0.0690890766999233	  1.84708812657314	  1.43589876965915	  2.36926454947912	  -1.97711777619018	  0	
  0	  0	  0	  0	  0	  0	  0	  0	  0	  0	  0	  0	  0	  0	
  -0.419360272493748	  0	  4.34910220519788	  8.0462779321815	  -0.0759235743941815	  -1.34602820857295	  0.0298932971869873	  -1.26165012253654	  -0.249355866131334	  -0.593677703944122	  -0.671400813948028	  0.257603181470651	  0.0914510426357251	  0	
  -2.28535663515554	  0	  8.0462779321815	  64.9181644664748	  -1.04422450321365	  -14.2006109169849	  1.37960326638035	  -1.78519502792683	  -0.886061954598875	  -2.08989251874797	  -4.37565194380297	  2.77501724938146	  4.70911460997366	  0	
  1.32276476631751	  0	  -0.0759235743941815	  -1.04422450321365	  5.81759922794622	  14.0593608252811	  -1.70188522415745	  -6.89161104395301	  0.440338742526348	  5.00974431977924	  1.04993443915124	  0.586601549086099	  -3.3733058354845	  0	
  7.33722674482982	  0	  -1.34602820857295	  -14.2006109169849	  14.0593608252811	  88.0391415600944	  -9.49468130017523	  -26.8121111716974	  2.71739994913534	  25.2968332749367	  4.87231203463528	  -2.80708308657685	  -21.9302936332362	  0	
  -1.05156329092564	  0	  0.0298932971869873	  1.37960326638035	  -1.70188522415745	  -9.49468130017523	  4.18516606796202	  2.13372661647534	  -0.248800133026815	  -2.89589488551401	  -1.35376049679525	  -2.60837193705283	  0.0484935253116495	  0	
  -2.26099317235318	  0	  -1.26165012253654	  -1.78519502792683	  -6.89161104395301	  -26.8121111716974	  2.13372661647534	  22.54276655705	  -1.55354567927267	  -13.0362340299704	  -3.87440660412407	  -12.3220634449903	  5.04162591865194	  0	
  -0.0690890766999233	  0	  -0.249355866131334	  -0.886061954598875	  0.440338742526348	  2.71739994913534	  -0.248800133026815	  -1.55354567927267	  4.22176699626078	  4.51070390490967	  -2.26362514135911	  -0.160563091135175	  -0.000543348492341653	  0	
  1.84708812657314	  0	  -0.593677703944122	  -2.08989251874797	  5.00974431977924	  25.2968332749367	  -2.89589488551401	  -13.0362340299704	  4.51070390490967	  44.6081680527881	  -18.1318488571372	  1.50918974639317	  2.15389604913735	  0	
  1.43589876965915	  0	  -0.671400813948028	  -4.37565194380297	  1.04993443915124	  4.87231203463528	  -1.35376049679525	  -3.87440660412407	  -2.26362514135911	  -18.1318488571372	  52.5558325099003	  2.83882240182294	  -15.0064698006591	  0	
  2.36926454947912	  0	  0.257603181470651	  2.77501724938146	  0.586601549086099	  -2.80708308657685	  -2.60837193705283	  -12.3220634449903	  -0.160563091135175	  1.50918974639317	  2.83882240182294	  439.917145310048	  -15.8749769582894	  0	
  -1.97711777619018	  0	  0.0914510426357251	  4.70911460997366	  -3.3733058354845	  -21.9302936332362	  0.0484935253116495	  5.04162591865194	  -0.000543348492341653	  2.15389604913735	  -15.0064698006591	  -15.8749769582894	  34.7500684913719	  0	
  0	  0	  0	  0	  0	  0	  0	  0	  0	  0	  0	  0	  0	  0	
+++ Normalization Integrals +++
  EtaPi
8407	8407
7
EtaPi::Negative::S0-
EtaPi::Negative::P0-
EtaPi::Negative::P1-
EtaPi::Negative::D0-
EtaPi::Negative::D1-
EtaPi::Positive::P1+
EtaPi::Positive::D1+
(0.0795772854596528,0)	(0.001516368432709,-0)	(3.04373882843965e-05,-0)	(0.00168345003297247,-0)	(0.00142169435054303,-0)	(0,-0)	(0,-0)	
(0.001516368432709,0)	(0.0810830089438187,0)	(0.00110123970861006,-0)	(0.000378655816291922,-0)	(0.00199606375170201,-0)	(0,-0)	(0,-0)	
(3.04373882843965e-05,0)	(0.00110123970861006,0)	(0.079594074410427,0)	(0.00169461188191649,-0)	(0.000814746488310711,-0)	(0,-0)	(0,-0)	
(0.00168345003297247,0)	(0.000378655816291922,0)	(0.00169461188191649,0)	(0.0802588222619691,0)	(-5.58363055143386e-05,-0)	(0,-0)	(0,-0)	
(0.00142169435054303,0)	(0.00199606375170201,0)	(0.000814746488310711,0)	(-5.58363055143386e-05,0)	(0.081980270746267,0)	(0,-0)	(0,-0)	
(0,0)	(0,0)	(0,0)	(0,0)	(0,0)	(0.0780547730246694,0)	(0.00266326589448765,-0)	
(0,0)	(0,0)	(0,0)	(0,0)	(0,0)	(0.00266326589448765,0)	(0.0787751235768692,0)	
(0.0795772854596528,0)	(0.001516368432709,-0)	(3.04373882843965e-05,-0)	(0.00168345003297247,-0)	(0.00142169435054303,-0)	(0,-0)	(0,-0)	
(0.001516368432709,0)	(0.0810830089438187,0)	(0.00110123970861006,-0)	(0.000378655816291922,-0)	(0.00199606375170201,-0)	(0,-0)	(0,-0)	
(3.04373882843965e-05,0)	(0.00110123970861006,0)	(0.079594074410427,0)	(0.00169461188191649,-0)	(0.000814746488310711,-0)	(0,-0)	(0,-0)	
(0.00168345003297247,0)	(0.000378655816291922,0)	(0.00169461188191649,0)	(0.0802588222619691,0)	(-5.58363055143386e-05,-0)	(0,-0)	(0,-0)	
(0.00142169435054303,0)	(0.00199606375170201,0)	(0.000814746488310711,0)	(-5.58363055143386e-05,0)	(0.081980270746267,0)	(0,-0)	(0,-0)	
(0,0)	(0,0)	(0,0)	(0,0)	(0,0)	(0.0780547730246694,0)	(0.00266326589448765,-0)	
(0,0)	(0,0)	(0,0)	(0,0)	(0,0)	(0.00266326589448765,0)	(0.0787751235768692,0)	
+++ Below these two lines is a config file that is   +++
+++ functionally equivalent to that used in the fit. +++
### FIT CONFIGURATION ###
fit bin_32
reaction EtaPi gamma Proton Pi0 Eta
sum EtaPi::Positive
sum EtaPi::Negative
amplitude EtaPi::Negative::S0- TwoPSAngles 0 0 -1
amplitude EtaPi::Negative::P0- TwoPSAngles 1 0 -1
amplitude EtaPi::Negative::P1- TwoPSAngles 1 1 -1
amplitude EtaPi::Negative::D0- TwoPSAngles 2 0 -1
amplitude EtaPi::Negative::D1- TwoPSAngles 2 1 -1
amplitude EtaPi::Positive::P1+ TwoPSAngles 1 1 1
amplitude EtaPi::Positive::D1+ TwoPSAngles 2 1 1
scale EtaPi::Negative::S0- 1.0
scale EtaPi::Negative::P0- 1.0
scale EtaPi::Negative::P1- 1.0
scale EtaPi::Negative::D0- 1.0
scale EtaPi::Negative::D1- 1.0
scale EtaPi::Positive::P1+ 1.0
scale EtaPi::Positive::D1+ 1.0
initialize EtaPi::Negative::S0- cartesian 421.341169149 0 real
initialize EtaPi::Negative::P0- cartesian 23.9348872345 46.0958796279
initialize EtaPi::Negative::P1- cartesian 12.9667584915 12.9510270866
initialize EtaPi::Negative::D0- cartesian 304.619563908 52.9622219758
initialize EtaPi::Negative::D1- cartesian 24.6850053524 23.6442234638
initialize EtaPi::Positive::P1+ cartesian 45.4894836364 -11.2874741889
initialize EtaPi::Positive::D1+ cartesian 75.9044060861 0 real
data EtaPi ROOTDataReader data_pi0eta_tLT1_32.root
genmc EtaPi ROOTDataReader thrown_pi0eta_tLT1_32.root
accmc EtaPi ROOTDataReader reco_pi0eta_tLT1_32.root
normintfile EtaPi bin_32.ni
