*** DO NOT EDIT THIS FILE - IT IS FORMATTED FOR INPUT ***
+++ Reactions, Amplitudes, and Scale Parameters +++
  1
  EtaPi	7
  EtaPi::Negative::S0-	-	1
  EtaPi::Negative::P0-	-	1
  EtaPi::Negative::P1-	-	1
  EtaPi::Negative::D0-	-	1
  EtaPi::Negative::D1-	-	1
  EtaPi::Positive::P1+	-	1
  EtaPi::Positive::D1+	-	1
+++ Likelihood Total and Partial Sums +++
  -24721.0695870522
  EtaPi	-24721.0695870522
+++ Fitter Information +++
  lastMinuitCommand	1
  lastMinuitCommandStatus	0
  eMatrixStatus	3
  minuitPrecision	1e-13
  minuitStrategy	1
  estDistToMinimum	8.93962750355765e-06
  bestMinimum	-24721.0695870522
+++ Parameter Values and Errors +++
  14
  EtaPi::Negative::S0-_re	35.9629923679396
  EtaPi::Negative::S0-_im	0
  EtaPi::Negative::P0-_re	-1.2920272321634
  EtaPi::Negative::P0-_im	-2.32788994930541
  EtaPi::Negative::P1-_re	0.733550894603342
  EtaPi::Negative::P1-_im	0.567782824189261
  EtaPi::Negative::D0-_re	2.62399759089094
  EtaPi::Negative::D0-_im	144.846137232778
  EtaPi::Negative::D1-_re	3.07626950104147
  EtaPi::Negative::D1-_im	-1.39072658734388
  EtaPi::Positive::P1+_re	5.93566714910165
  EtaPi::Positive::P1+_im	-0.00386657084152497
  EtaPi::Positive::D1+_re	8.4942120968387
  EtaPi::Positive::D1+_im	0
  47.8441029025812	  0	  12.8733969788849	  -1.28303213743045	  -1.29263714121953	  0.0190770177411186	  16.0287383711984	  -6.86899918974938	  -3.62910802622229	  -0.0188131440209711	  -2.31215697607055	  -2.73431598481169	  -68.5120772577429	  0	
  0	  0	  0	  0	  0	  0	  0	  0	  0	  0	  0	  0	  0	  0	
  12.8733969788849	  0	  33.8097788503549	  -4.51358640878337	  -2.74275907757458	  -0.263327322224784	  -2.74398861715287	  -0.0967884698226051	  -0.968984080602986	  0.214415631768347	  -39.6359370103632	  4.30950619802935	  -18.566409058091	  0	
  -1.28303213743045	  0	  -4.51358640878337	  4.58661626325949	  0.259527764575717	  -0.0687341429037063	  0.61887986569912	  -0.0962556827432549	  -0.00435260167324322	  -0.238349800923079	  4.66924810669854	  -0.333944362485837	  1.97469515864722	  0	
  -1.29263714121953	  0	  -2.74275907757458	  0.259527764575717	  19.7760713127663	  4.10472702001154	  1.10183782172633	  -0.545571230771207	  -0.0586912890422986	  -0.348183969730903	  7.84592881812208	  -0.747403715243691	  4.75001923235527	  0	
  0.0190770177411186	  0	  -0.263327322224784	  -0.0687341429037063	  4.10472702001154	  4.87591436052716	  -0.565354997725392	  -0.154105507741888	  -0.164287831035032	  -0.0407624224398573	  0.871726063883802	  -0.199140716122468	  0.711375703354637	  0	
  16.0287383711984	  0	  -2.74398861715287	  0.61887986569912	  1.10183782172633	  -0.565354997725392	  76.5555067185363	  -4.45664277227168	  -2.01812412641546	  -2.02299673155121	  33.5972729670525	  8.94433097439685	  -41.4730819949749	  0	
  -6.86899918974938	  0	  -0.0967884698226051	  -0.0962556827432549	  -0.545571230771207	  -0.154105507741888	  -4.45664277227168	  4.67744409614415	  0.0355244310241022	  0.0934231550452732	  -4.70507256681339	  -1.05018489491145	  7.64276406355599	  0	
  -3.62910802622229	  0	  -0.968984080602986	  -0.00435260167324322	  -0.0586912890422986	  -0.164287831035032	  -2.01812412641546	  0.0355244310241022	  11.5412300584037	  -0.152012636229489	  0.750049633813342	  0.494635465712972	  10.3571233196606	  0	
  -0.0188131440209711	  0	  0.214415631768347	  -0.238349800923079	  -0.348183969730903	  -0.0407624224398573	  -2.02299673155121	  0.0934231550452732	  -0.152012636229489	  4.70633916792936	  -0.955690313281835	  -0.30530113900771	  -0.0733680668220921	  0	
  -2.31215697607055	  0	  -39.6359370103632	  4.66924810669854	  7.84592881812208	  0.871726063883802	  33.5972729670525	  -4.70507256681339	  0.750049633813342	  -0.955690313281835	  194.433107717006	  -2.44541490899965	  -73.8218072251043	  0	
  -2.73431598481169	  0	  4.30950619802935	  -0.333944362485837	  -0.747403715243691	  -0.199140716122468	  8.94433097439685	  -1.05018489491145	  0.494635465712972	  -0.30530113900771	  -2.44541490899965	  289.326962759842	  -20.4412765919483	  0	
  -68.5120772577429	  0	  -18.566409058091	  1.97469515864722	  4.75001923235527	  0.711375703354637	  -41.4730819949749	  7.64276406355599	  10.3571233196606	  -0.0733680668220921	  -73.8218072251043	  -20.4412765919483	  220.154670225395	  0	
  0	  0	  0	  0	  0	  0	  0	  0	  0	  0	  0	  0	  0	  0	
+++ Normalization Integrals +++
  EtaPi
8496	8496
7
EtaPi::Negative::S0-
EtaPi::Negative::P0-
EtaPi::Negative::P1-
EtaPi::Negative::D0-
EtaPi::Negative::D1-
EtaPi::Positive::P1+
EtaPi::Positive::D1+
(0.0795772854596529,0)	(0.00206783267599446,-0)	(5.99871047292029e-05,-0)	(-0.000986879781687557,-0)	(0.000847502349742449,-0)	(0,-0)	(0,-0)	
(0.00206783267599446,0)	(0.0786945933486489,0)	(0.000656472497284827,-0)	(0.00144936352713615,-0)	(0.00099869943862627,-0)	(0,-0)	(0,-0)	
(5.99871047292029e-05,0)	(0.000656472497284827,0)	(0.0794535355194632,0)	(0.000797831462621661,-0)	(0.00175308314132742,-0)	(0,-0)	(0,-0)	
(-0.000986879781687557,0)	(0.00144936352713615,0)	(0.000797831462621661,0)	(0.0799572533310279,0)	(0.000469846077329235,-0)	(0,-0)	(0,-0)	
(0.000847502349742449,0)	(0.00099869943862627,0)	(0.00175308314132742,0)	(0.000469846077329235,0)	(0.0788214986321726,0)	(0,-0)	(0,-0)	
(0,0)	(0,0)	(0,0)	(0,0)	(0,0)	(0.0805837275108032,0)	(0.00191245702482795,-0)	
(0,0)	(0,0)	(0,0)	(0,0)	(0,0)	(0.00191245702482795,0)	(0.078355294940269,0)	
(0.0795772854596529,0)	(0.00206783267599446,-0)	(5.99871047292029e-05,-0)	(-0.000986879781687557,-0)	(0.000847502349742449,-0)	(0,-0)	(0,-0)	
(0.00206783267599446,0)	(0.0786945933486489,0)	(0.000656472497284827,-0)	(0.00144936352713615,-0)	(0.00099869943862627,-0)	(0,-0)	(0,-0)	
(5.99871047292029e-05,0)	(0.000656472497284827,0)	(0.0794535355194632,0)	(0.000797831462621661,-0)	(0.00175308314132742,-0)	(0,-0)	(0,-0)	
(-0.000986879781687557,0)	(0.00144936352713615,0)	(0.000797831462621661,0)	(0.0799572533310279,0)	(0.000469846077329235,-0)	(0,-0)	(0,-0)	
(0.000847502349742449,0)	(0.00099869943862627,0)	(0.00175308314132742,0)	(0.000469846077329235,0)	(0.0788214986321726,0)	(0,-0)	(0,-0)	
(0,0)	(0,0)	(0,0)	(0,0)	(0,0)	(0.0805837275108032,0)	(0.00191245702482795,-0)	
(0,0)	(0,0)	(0,0)	(0,0)	(0,0)	(0.00191245702482795,0)	(0.078355294940269,0)	
+++ Below these two lines is a config file that is   +++
+++ functionally equivalent to that used in the fit. +++
### FIT CONFIGURATION ###
fit bin_38
reaction EtaPi gamma Proton Pi0 Eta
sum EtaPi::Positive
sum EtaPi::Negative
amplitude EtaPi::Negative::S0- TwoPSAngles 0 0 -1
amplitude EtaPi::Negative::P0- TwoPSAngles 1 0 -1
amplitude EtaPi::Negative::P1- TwoPSAngles 1 1 -1
amplitude EtaPi::Negative::D0- TwoPSAngles 2 0 -1
amplitude EtaPi::Negative::D1- TwoPSAngles 2 1 -1
amplitude EtaPi::Positive::P1+ TwoPSAngles 1 1 1
amplitude EtaPi::Positive::D1+ TwoPSAngles 2 1 1
scale EtaPi::Negative::S0- 1.0
scale EtaPi::Negative::P0- 1.0
scale EtaPi::Negative::P1- 1.0
scale EtaPi::Negative::D0- 1.0
scale EtaPi::Negative::D1- 1.0
scale EtaPi::Positive::P1+ 1.0
scale EtaPi::Positive::D1+ 1.0
initialize EtaPi::Negative::S0- cartesian 368.200818058 0 real
initialize EtaPi::Negative::P0- cartesian 66.4424288921 74.0921576402
initialize EtaPi::Negative::P1- cartesian 34.0306750253 36.1192287186
initialize EtaPi::Negative::D0- cartesian 252.524493888 89.6396760396
initialize EtaPi::Negative::D1- cartesian 0.134328094956 25.414980098
initialize EtaPi::Positive::P1+ cartesian 24.2232101874 -12.1764337155
initialize EtaPi::Positive::D1+ cartesian 25.2975284149 0 real
data EtaPi ROOTDataReader data_pi0eta_tLT1_38.root
genmc EtaPi ROOTDataReader thrown_pi0eta_tLT1_38.root
accmc EtaPi ROOTDataReader reco_pi0eta_tLT1_38.root
normintfile EtaPi bin_38.ni
