*** DO NOT EDIT THIS FILE - IT IS FORMATTED FOR INPUT ***
+++ Reactions, Amplitudes, and Scale Parameters +++
  1
  EtaPi	7
  EtaPi::Negative::S0-	-	1
  EtaPi::Negative::P0-	-	1
  EtaPi::Negative::P1-	-	1
  EtaPi::Negative::D0-	-	1
  EtaPi::Negative::D1-	-	1
  EtaPi::Positive::P1+	-	1
  EtaPi::Positive::D1+	-	1
+++ Likelihood Total and Partial Sums +++
  -46528.9071401409
  EtaPi	-46528.9071401409
+++ Fitter Information +++
  lastMinuitCommand	1
  lastMinuitCommandStatus	0
  eMatrixStatus	3
  minuitPrecision	1e-13
  minuitStrategy	1
  estDistToMinimum	9.97417100618401e-06
  bestMinimum	-46528.9071401409
+++ Parameter Values and Errors +++
  14
  EtaPi::Negative::S0-_re	-139.432700013542
  EtaPi::Negative::S0-_im	0
  EtaPi::Negative::P0-_re	1.99719092551833
  EtaPi::Negative::P0-_im	-9.32861469196627
  EtaPi::Negative::P1-_re	4.82872303068595
  EtaPi::Negative::P1-_im	-96.6335956204581
  EtaPi::Negative::D0-_re	-32.8312459575816
  EtaPi::Negative::D0-_im	4.33776927152108
  EtaPi::Negative::D1-_re	9.23260463333977
  EtaPi::Negative::D1-_im	-2.02695666242667
  EtaPi::Positive::P1+_re	93.5845827921285
  EtaPi::Positive::P1+_im	-48.3931221386539
  EtaPi::Positive::D1+_re	-2.65835342005891
  EtaPi::Positive::D1+_im	0
  535.255892236695	  0	  -1.66648334418431	  -62.7966254748778	  19.5365242340259	  -326.708528022956	  -276.408704494812	  -39.0287339022439	  73.4125780034217	  15.3315720623539	  396.956225243757	  99.5958579174555	  1.03660801359651	  0	
  0	  0	  0	  0	  0	  0	  0	  0	  0	  0	  0	  0	  0	  0	
  -1.66648334418431	  0	  11.8120929736024	  34.4290566520353	  0.0332393668940613	  -1.21758852356725	  -2.05882406063791	  -1.74312535964164	  -16.7271869597187	  -8.80056485557647	  -4.11438727181796	  -8.75742831511785	  8.1142992816177	  0	
  -62.7966254748778	  0	  34.4290566520353	  612.579577990492	  -13.1305238808736	  -4.07761401311967	  -18.8881912534388	  -10.7574909766685	  -299.829505222681	  -40.2078738599589	  -89.7420483287266	  -142.576567677473	  18.8147313154411	  0	
  19.5365242340259	  0	  0.0332393668940613	  -13.1305238808736	  9.88712226060366	  -10.8164565476298	  -9.20687759474998	  3.9593544104088	  7.93408663734097	  0.408242888352353	  16.101267522523	  7.71210565021544	  -0.0674297534800341	  0	
  -326.708528022956	  0	  -1.21758852356725	  -4.07761401311967	  -10.8164565476298	  210.765832446262	  173.250871317962	  25.7732047940813	  -24.4670758188367	  -7.39827522059502	  -237.461893694597	  -53.7331373812638	  -2.02909771121824	  0	
  -276.408704494812	  0	  -2.05882406063791	  -18.8881912534388	  -9.20687759474998	  173.250871317962	  152.251655102771	  22.0294013148454	  -13.0626843565744	  -4.7850189512255	  -202.087125201274	  -40.1807794570059	  -2.22303618358579	  0	
  -39.0287339022439	  0	  -1.74312535964164	  -10.7574909766685	  3.9593544104088	  25.7732047940813	  22.0294013148454	  24.6518819123869	  1.96026189212372	  -0.340753616366661	  -29.5180692881956	  -6.14984982083547	  -1.18980558106094	  0	
  73.4125780034217	  0	  -16.7271869597187	  -299.829505222681	  7.93408663734097	  -24.4670758188367	  -13.0626843565744	  1.96026189212372	  155.641971081739	  20.698438591989	  75.758452412464	  78.0510460814729	  -8.99430808195832	  0	
  15.3315720623539	  0	  -8.80056485557647	  -40.2078738599589	  0.408242888352353	  -7.39827522059502	  -4.7850189512255	  -0.340753616366661	  20.698438591989	  18.809668170429	  12.633081350215	  8.49058410893051	  -1.78607457233926	  0	
  396.956225243757	  0	  -4.11438727181796	  -89.7420483287266	  16.101267522523	  -237.461893694597	  -202.087125201274	  -29.5180692881956	  75.758452412464	  12.633081350215	  642.32451399586	  735.564422270466	  4.86204700307845	  0	
  99.5958579174555	  0	  -8.75742831511785	  -142.576567677473	  7.71210565021544	  -53.7331373812638	  -40.1807794570059	  -6.14984982083547	  78.0510460814729	  8.49058410893051	  735.564422270466	  1317.58701977527	  6.16268475699702	  0	
  1.03660801359651	  0	  8.1142992816177	  18.8147313154411	  -0.0674297534800341	  -2.02909771121824	  -2.22303618358579	  -1.18980558106094	  -8.99430808195832	  -1.78607457233926	  4.86204700307845	  6.16268475699702	  18.8000852319169	  0	
  0	  0	  0	  0	  0	  0	  0	  0	  0	  0	  0	  0	  0	  0	
+++ Normalization Integrals +++
  EtaPi
8396	8396
7
EtaPi::Negative::S0-
EtaPi::Negative::P0-
EtaPi::Negative::P1-
EtaPi::Negative::D0-
EtaPi::Negative::D1-
EtaPi::Positive::P1+
EtaPi::Positive::D1+
(0.0795772854596527,0)	(0.000323684800284189,-0)	(0.000806453511062652,-0)	(-2.91083191719521e-05,-0)	(-0.00166100570071227,-0)	(0,-0)	(0,-0)	
(0.000323684800284189,0)	(0.0795512501874868,0)	(-0.00128660948336284,-0)	(-0.000142376048778418,-0)	(0.000396918018438393,-0)	(0,-0)	(0,-0)	
(0.000806453511062652,0)	(-0.00128660948336284,0)	(0.0803388020289906,0)	(-0.000557901348527301,-0)	(0.000895344163904726,-0)	(0,-0)	(0,-0)	
(-2.91083191719521e-05,0)	(-0.000142376048778418,0)	(-0.000557901348527301,0)	(0.0795139318957554,0)	(-3.35892383732326e-05,-0)	(0,-0)	(0,-0)	
(-0.00166100570071227,0)	(0.000396918018438393,0)	(0.000895344163904726,0)	(-3.35892383732326e-05,0)	(0.0800249722885622,0)	(0,-0)	(0,-0)	
(0,0)	(0,0)	(0,0)	(0,0)	(0,0)	(0.0788418041624385,0)	(0.000104808096886116,-0)	
(0,0)	(0,0)	(0,0)	(0,0)	(0,0)	(0.000104808096886116,0)	(0.079170677928972,0)	
(0.0795772854596527,0)	(0.000323684800284189,-0)	(0.000806453511062652,-0)	(-2.91083191719521e-05,-0)	(-0.00166100570071227,-0)	(0,-0)	(0,-0)	
(0.000323684800284189,0)	(0.0795512501874868,0)	(-0.00128660948336284,-0)	(-0.000142376048778418,-0)	(0.000396918018438393,-0)	(0,-0)	(0,-0)	
(0.000806453511062652,0)	(-0.00128660948336284,0)	(0.0803388020289906,0)	(-0.000557901348527301,-0)	(0.000895344163904726,-0)	(0,-0)	(0,-0)	
(-2.91083191719521e-05,0)	(-0.000142376048778418,0)	(-0.000557901348527301,0)	(0.0795139318957554,0)	(-3.35892383732326e-05,-0)	(0,-0)	(0,-0)	
(-0.00166100570071227,0)	(0.000396918018438393,0)	(0.000895344163904726,0)	(-3.35892383732326e-05,0)	(0.0800249722885622,0)	(0,-0)	(0,-0)	
(0,0)	(0,0)	(0,0)	(0,0)	(0,0)	(0.0788418041624385,0)	(0.000104808096886116,-0)	
(0,0)	(0,0)	(0,0)	(0,0)	(0,0)	(0.000104808096886116,0)	(0.079170677928972,0)	
+++ Below these two lines is a config file that is   +++
+++ functionally equivalent to that used in the fit. +++
### FIT CONFIGURATION ###
fit bin_8
reaction EtaPi gamma Proton Pi0 Eta
sum EtaPi::Positive
sum EtaPi::Negative
amplitude EtaPi::Negative::S0- TwoPSAngles 0 0 -1
amplitude EtaPi::Negative::P0- TwoPSAngles 1 0 -1
amplitude EtaPi::Negative::P1- TwoPSAngles 1 1 -1
amplitude EtaPi::Negative::D0- TwoPSAngles 2 0 -1
amplitude EtaPi::Negative::D1- TwoPSAngles 2 1 -1
amplitude EtaPi::Positive::P1+ TwoPSAngles 1 1 1
amplitude EtaPi::Positive::D1+ TwoPSAngles 2 1 1
scale EtaPi::Negative::S0- 1.0
scale EtaPi::Negative::P0- 1.0
scale EtaPi::Negative::P1- 1.0
scale EtaPi::Negative::D0- 1.0
scale EtaPi::Negative::D1- 1.0
scale EtaPi::Positive::P1+ 1.0
scale EtaPi::Positive::D1+ 1.0
initialize EtaPi::Negative::S0- cartesian 326.255432767 0 real
initialize EtaPi::Negative::P0- cartesian 57.8639431519 42.4949828484
initialize EtaPi::Negative::P1- cartesian -4.92862396069 53.8056869546
initialize EtaPi::Negative::D0- cartesian 340.607595858 86.8325265298
initialize EtaPi::Negative::D1- cartesian 15.309336031 25.1590078474
initialize EtaPi::Positive::P1+ cartesian 38.5445035437 -10.2858407492
initialize EtaPi::Positive::D1+ cartesian 57.0950102848 0 real
data EtaPi ROOTDataReader data_pi0eta_tLT1_8.root
genmc EtaPi ROOTDataReader thrown_pi0eta_tLT1_8.root
accmc EtaPi ROOTDataReader reco_pi0eta_tLT1_8.root
normintfile EtaPi bin_8.ni
