*** DO NOT EDIT THIS FILE - IT IS FORMATTED FOR INPUT ***
+++ Reactions, Amplitudes, and Scale Parameters +++
  1
  EtaPi	7
  EtaPi::Negative::S0-	-	1
  EtaPi::Negative::P0-	-	1
  EtaPi::Negative::P1-	-	1
  EtaPi::Negative::D0-	-	1
  EtaPi::Negative::D1-	-	1
  EtaPi::Positive::P1+	-	1
  EtaPi::Positive::D1+	-	1
+++ Likelihood Total and Partial Sums +++
  -1076.42281852969
  EtaPi	-1076.42281852969
+++ Fitter Information +++
  lastMinuitCommand	1
  lastMinuitCommandStatus	0
  eMatrixStatus	3
  minuitPrecision	1e-13
  minuitStrategy	1
  estDistToMinimum	2.65953007855306e-06
  bestMinimum	-1076.42281852969
+++ Parameter Values and Errors +++
  14
  EtaPi::Negative::S0-_re	5.91501059095639
  EtaPi::Negative::S0-_im	0
  EtaPi::Negative::P0-_re	-0.160395150997707
  EtaPi::Negative::P0-_im	-5.23552578154549
  EtaPi::Negative::P1-_re	0.99505797768179
  EtaPi::Negative::P1-_im	-1.40339132968993
  EtaPi::Negative::D0-_re	28.2780429051087
  EtaPi::Negative::D0-_im	22.126392990334
  EtaPi::Negative::D1-_re	1.98961859352458
  EtaPi::Negative::D1-_im	-5.22321572453103
  EtaPi::Positive::P1+_re	-14.5723732234454
  EtaPi::Positive::P1+_im	0.0200183623311039
  EtaPi::Positive::D1+_re	2.69454961754558
  EtaPi::Positive::D1+_im	0
  30.055907697361	  0	  10.7119408600207	  11.821767773022	  10.9119621063664	  5.97294401408234	  -98.5916129914306	  120.05106009188	  14.3090450752274	  12.3339583020027	  -2.58354268629817	  -8.47475481586538	  -0.834839464042985	  0	
  0	  0	  0	  0	  0	  0	  0	  0	  0	  0	  0	  0	  0	  0	
  10.7119408600207	  0	  35.1356300255557	  -16.0925558677122	  -0.202661039913961	  12.3379886350833	  -89.3284465180411	  111.54925605287	  15.532344857908	  12.2437724395159	  5.71487684328921	  -7.59047838163266	  5.75359605551532	  0	
  11.821767773022	  0	  -16.0925558677122	  38.3839418203944	  7.79226101926159	  2.29756291783754	  -37.298678175708	  48.9691767434329	  12.3627974706758	  -5.70137805506943	  -1.40482866782386	  -4.50976235355981	  -4.22730112568858	  0	
  10.9119621063664	  0	  -0.202661039913961	  7.79226101926159	  23.2005663898023	  -10.6114638869923	  -32.3909560275137	  38.6168003627668	  -0.991330743644673	  9.15792704867889	  -2.0648847595161	  -2.14868631182543	  3.46601349168772	  0	
  5.97294401408234	  0	  12.3379886350833	  2.29756291783754	  -10.6114638869923	  22.8891074610574	  -56.0259201402411	  73.0662408629732	  17.9188234071711	  -2.0502313496449	  5.58646920925554	  -6.45933090338462	  -0.53297712451997	  0	
  -98.5916129914306	  0	  -89.3284465180411	  -37.298678175708	  -32.3909560275137	  -56.0259201402411	  546.841456938449	  -683.655724710683	  -107.943915344912	  -45.5692853065374	  -18.9543370791666	  46.5356866846617	  -8.92146933296823	  0	
  120.05106009188	  0	  111.54925605287	  48.9691767434329	  38.6168003627668	  73.0662408629732	  -683.655724710683	  868.874092284138	  138.355094588104	  57.1549667146724	  30.480179853123	  -63.9953917365827	  12.53873121688	  0	
  14.3090450752274	  0	  15.532344857908	  12.3627974706758	  -0.991330743644673	  17.9188234071711	  -107.943915344912	  138.355094588104	  38.804583034811	  -4.66327319504884	  9.54999582382615	  -10.7715115732163	  0.428326489471991	  0	
  12.3339583020027	  0	  12.2437724395159	  -5.70137805506943	  9.15792704867889	  -2.0502313496449	  -45.5692853065374	  57.1549667146724	  -4.66327319504884	  25.616732449115	  -0.992755643016774	  -3.41023245091586	  3.22017248141538	  0	
  -2.58354268629817	  0	  5.71487684328921	  -1.40482866782386	  -2.0648847595161	  5.58646920925554	  -18.9543370791666	  30.480179853123	  9.54999582382615	  -0.992755643016774	  13.0452229379751	  9.97227862049808	  3.55472897723644	  0	
  -8.47475481586538	  0	  -7.59047838163266	  -4.50976235355981	  -2.14868631182543	  -6.45933090338462	  46.5356866846617	  -63.9953917365827	  -10.7715115732163	  -3.41023245091586	  9.97227862049808	  866.406317291612	  1.1677683304162	  0	
  -0.834839464042985	  0	  5.75359605551532	  -4.22730112568858	  3.46601349168772	  -0.53297712451997	  -8.92146933296823	  12.53873121688	  0.428326489471991	  3.22017248141538	  3.55472897723644	  1.1677683304162	  10.4938053479644	  0	
  0	  0	  0	  0	  0	  0	  0	  0	  0	  0	  0	  0	  0	  0	
+++ Normalization Integrals +++
  EtaPi
9254	9254
7
EtaPi::Negative::S0-
EtaPi::Negative::P0-
EtaPi::Negative::P1-
EtaPi::Negative::D0-
EtaPi::Negative::D1-
EtaPi::Positive::P1+
EtaPi::Positive::D1+
(0.0795772854596537,0)	(0.000729214087151555,-0)	(-0.000858783646014626,-0)	(-0.000411941306819082,-0)	(0.00137475715101189,-0)	(0,-0)	(0,-0)	
(0.000729214087151555,0)	(0.0792088339537231,0)	(0.00106488231018973,-0)	(0.00101312076108721,-0)	(-3.57540599379732e-05,-0)	(0,-0)	(0,-0)	
(-0.000858783646014626,0)	(0.00106488231018973,0)	(0.0798802834022348,0)	(0.00092918538103219,-0)	(0.000790439799037204,-0)	(0,-0)	(0,-0)	
(-0.000411941306819082,0)	(0.00101312076108721,0)	(0.00092918538103219,0)	(0.078539731577146,0)	(0.000908280743591495,-0)	(0,-0)	(0,-0)	
(0.00137475715101189,0)	(-3.57540599379732e-05,0)	(0.000790439799037204,0)	(0.000908280743591495,0)	(0.0802721288671721,0)	(0,-0)	(0,-0)	
(0,0)	(0,0)	(0,0)	(0,0)	(0,0)	(0.0796427390229568,0)	(-7.7468210402575e-05,-0)	
(0,0)	(0,0)	(0,0)	(0,0)	(0,0)	(-7.7468210402575e-05,0)	(0.0796517613855701,0)	
(0.0795772854596537,0)	(0.000729214087151555,-0)	(-0.000858783646014626,-0)	(-0.000411941306819082,-0)	(0.00137475715101189,-0)	(0,-0)	(0,-0)	
(0.000729214087151555,0)	(0.0792088339537231,0)	(0.00106488231018973,-0)	(0.00101312076108721,-0)	(-3.57540599379732e-05,-0)	(0,-0)	(0,-0)	
(-0.000858783646014626,0)	(0.00106488231018973,0)	(0.0798802834022348,0)	(0.00092918538103219,-0)	(0.000790439799037204,-0)	(0,-0)	(0,-0)	
(-0.000411941306819082,0)	(0.00101312076108721,0)	(0.00092918538103219,0)	(0.078539731577146,0)	(0.000908280743591495,-0)	(0,-0)	(0,-0)	
(0.00137475715101189,0)	(-3.57540599379732e-05,0)	(0.000790439799037204,0)	(0.000908280743591495,0)	(0.0802721288671721,0)	(0,-0)	(0,-0)	
(0,0)	(0,0)	(0,0)	(0,0)	(0,0)	(0.0796427390229568,0)	(-7.7468210402575e-05,-0)	
(0,0)	(0,0)	(0,0)	(0,0)	(0,0)	(-7.7468210402575e-05,0)	(0.0796517613855701,0)	
+++ Below these two lines is a config file that is   +++
+++ functionally equivalent to that used in the fit. +++
### FIT CONFIGURATION ###
fit bin_63
reaction EtaPi gamma Proton Pi0 Eta
sum EtaPi::Positive
sum EtaPi::Negative
amplitude EtaPi::Negative::S0- TwoPSAngles 0 0 -1
amplitude EtaPi::Negative::P0- TwoPSAngles 1 0 -1
amplitude EtaPi::Negative::P1- TwoPSAngles 1 1 -1
amplitude EtaPi::Negative::D0- TwoPSAngles 2 0 -1
amplitude EtaPi::Negative::D1- TwoPSAngles 2 1 -1
amplitude EtaPi::Positive::P1+ TwoPSAngles 1 1 1
amplitude EtaPi::Positive::D1+ TwoPSAngles 2 1 1
scale EtaPi::Negative::S0- 1.0
scale EtaPi::Negative::P0- 1.0
scale EtaPi::Negative::P1- 1.0
scale EtaPi::Negative::D0- 1.0
scale EtaPi::Negative::D1- 1.0
scale EtaPi::Positive::P1+ 1.0
scale EtaPi::Positive::D1+ 1.0
initialize EtaPi::Negative::S0- cartesian 122.507522281 0 real
initialize EtaPi::Negative::P0- cartesian 66.9160427472 25.4533119081
initialize EtaPi::Negative::P1- cartesian 29.4923610838 5.82012467054
initialize EtaPi::Negative::D0- cartesian 161.85358651 58.4536101546
initialize EtaPi::Negative::D1- cartesian -5.8291432009 23.1215715194
initialize EtaPi::Positive::P1+ cartesian 44.0615218514 -18.3036927692
initialize EtaPi::Positive::D1+ cartesian 96.920118029 0 real
data EtaPi ROOTDataReader data_pi0eta_tLT1_63.root
genmc EtaPi ROOTDataReader thrown_pi0eta_tLT1_63.root
accmc EtaPi ROOTDataReader reco_pi0eta_tLT1_63.root
normintfile EtaPi bin_63.ni
