*** DO NOT EDIT THIS FILE - IT IS FORMATTED FOR INPUT ***
+++ Reactions, Amplitudes, and Scale Parameters +++
  1
  EtaPi	7
  EtaPi::Negative::S0-	-	1
  EtaPi::Negative::P0-	-	1
  EtaPi::Negative::P1-	-	1
  EtaPi::Negative::D0-	-	1
  EtaPi::Negative::D1-	-	1
  EtaPi::Positive::P1+	-	1
  EtaPi::Positive::D1+	-	1
+++ Likelihood Total and Partial Sums +++
  -35639.3853727735
  EtaPi	-35639.3853727735
+++ Fitter Information +++
  lastMinuitCommand	1
  lastMinuitCommandStatus	0
  eMatrixStatus	3
  minuitPrecision	1e-13
  minuitStrategy	1
  estDistToMinimum	8.52530243032974e-05
  bestMinimum	-35639.3853727735
+++ Parameter Values and Errors +++
  14
  EtaPi::Negative::S0-_re	147.518889549847
  EtaPi::Negative::S0-_im	0
  EtaPi::Negative::P0-_re	-1.16759416635193
  EtaPi::Negative::P0-_im	-1.79130136217374
  EtaPi::Negative::P1-_re	4.86254151453872
  EtaPi::Negative::P1-_im	7.23403925689515
  EtaPi::Negative::D0-_re	-2.55503003721535
  EtaPi::Negative::D0-_im	102.962035267495
  EtaPi::Negative::D1-_re	-0.612290764933883
  EtaPi::Negative::D1-_im	-1.10047816627228
  EtaPi::Positive::P1+_re	10.4421233214477
  EtaPi::Positive::P1+_im	-0.0488887020563673
  EtaPi::Positive::D1+_re	9.07932929888699
  EtaPi::Positive::D1+_im	0
  14.6671588039932	  0	  5.50553476664957	  -3.31724097148664	  -0.442322264954776	  -0.25749892457359	  3.12278783184532	  -9.68805493827695	  0.126748917859453	  0.493121532946114	  -32.8160687862591	  -1.34330248293913	  -31.8038468431619	  0	
  0	  0	  0	  0	  0	  0	  0	  0	  0	  0	  0	  0	  0	  0	
  5.50553476664957	  0	  12.648120332729	  -9.69481150930282	  -0.115463427122346	  0.387822376638687	  0.316433628960742	  -1.7110742133329	  0.616918636279817	  -1.3589013521069	  -31.6348608775346	  2.27502595978644	  -27.6441520567472	  0	
  -3.31724097148664	  0	  -9.69481150930282	  16.9834474177258	  0.224526895876314	  -0.171539434637074	  -0.285116071304727	  0.775939073267749	  -0.795849158421981	  1.15536414811336	  19.9996558549391	  -1.39878937007335	  17.3299756698934	  0	
  -0.442322264954776	  0	  -0.115463427122346	  0.224526895876314	  5.60167542909352	  5.41336169849618	  0.326530656089399	  -0.0764834212642641	  0.136220973930111	  -0.267113066610317	  1.36805681257082	  0.153816325300077	  0.829030930629654	  0	
  -0.25749892457359	  0	  0.387822376638687	  -0.171539434637074	  5.41336169849618	  19.4647111518724	  0.953069961690937	  -1.41694403709717	  0.434389348090066	  -1.30780437779166	  1.40746631117978	  0.412299253594956	  0.0192357546523323	  0	
  3.12278783184532	  0	  0.316433628960742	  -0.285116071304727	  0.326530656089399	  0.953069961690937	  7.70473256292547	  -4.47773692073247	  0.132605799687516	  0.0518353810110993	  5.76507787146893	  1.79129981412339	  -7.76032829339926	  0	
  -9.68805493827695	  0	  -1.7110742133329	  0.775939073267749	  -0.0764834212642641	  -1.41694403709717	  -4.47773692073247	  15.4498403048158	  -0.0639983371876841	  -0.476120754366918	  5.22321975046171	  -0.73104241908099	  13.1896772179377	  0	
  0.126748917859453	  0	  0.616918636279817	  -0.795849158421981	  0.136220973930111	  0.434389348090066	  0.132605799687516	  -0.0639983371876841	  4.41611682600528	  -3.16959048023001	  -0.827742066343014	  0.119833465616851	  -0.92753798310546	  0	
  0.493121532946114	  0	  -1.3589013521069	  1.15536414811336	  -0.267113066610317	  -1.30780437779166	  0.0518353810110993	  -0.476120754366918	  -3.16959048023001	  18.3848786441574	  0.809142602538127	  -0.31490312861149	  0.733925071928823	  0	
  -32.8160687862591	  0	  -31.6348608775346	  19.9996558549391	  1.36805681257082	  1.40746631117978	  5.76507787146893	  5.22321975046171	  -0.827742066343014	  0.809142602538127	  293.827186341007	  -16.590866971825	  93.3190838393909	  0	
  -1.34330248293913	  0	  2.27502595978644	  -1.39878937007335	  0.153816325300077	  0.412299253594956	  1.79129981412339	  -0.73104241908099	  0.119833465616851	  -0.31490312861149	  -16.590866971825	  323.904301069508	  -11.6910035197841	  0	
  -31.8038468431619	  0	  -27.6441520567472	  17.3299756698934	  0.829030930629654	  0.0192357546523323	  -7.76032829339926	  13.1896772179377	  -0.92753798310546	  0.733925071928823	  93.3190838393909	  -11.6910035197841	  224.633014271584	  0	
  0	  0	  0	  0	  0	  0	  0	  0	  0	  0	  0	  0	  0	  0	
+++ Normalization Integrals +++
  EtaPi
8449	8449
7
EtaPi::Negative::S0-
EtaPi::Negative::P0-
EtaPi::Negative::P1-
EtaPi::Negative::D0-
EtaPi::Negative::D1-
EtaPi::Positive::P1+
EtaPi::Positive::D1+
(0.0795772854596528,0)	(0.000655325348773701,-0)	(-0.000957010787945446,-0)	(0.000249068824720609,-0)	(-0.000284123732460021,-0)	(0,-0)	(0,-0)	
(0.000655325348773701,0)	(0.0798000593888991,0)	(-0.000220081296815991,-0)	(0.00124167074045526,-0)	(-5.72983114514404e-05,-0)	(0,-0)	(0,-0)	
(-0.000957010787945446,0)	(-0.000220081296815991,0)	(0.0795150433263141,0)	(0.00102034879521242,-0)	(0.000467264350481423,-0)	(0,-0)	(0,-0)	
(0.000249068824720609,0)	(0.00124167074045526,0)	(0.00102034879521242,0)	(0.0780534416992878,0)	(-0.000888451041890629,-0)	(0,-0)	(0,-0)	
(-0.000284123732460021,0)	(-5.72983114514404e-05,0)	(0.000467264350481423,0)	(-0.000888451041890629,0)	(0.0810841262734551,0)	(0,-0)	(0,-0)	
(0,0)	(0,0)	(0,0)	(0,0)	(0,0)	(0.0794167536637023,0)	(-0.000208979448209478,-0)	
(0,0)	(0,0)	(0,0)	(0,0)	(0,0)	(-0.000208979448209478,0)	(0.0804735262083904,0)	
(0.0795772854596528,0)	(0.000655325348773701,-0)	(-0.000957010787945446,-0)	(0.000249068824720609,-0)	(-0.000284123732460021,-0)	(0,-0)	(0,-0)	
(0.000655325348773701,0)	(0.0798000593888991,0)	(-0.000220081296815991,-0)	(0.00124167074045526,-0)	(-5.72983114514404e-05,-0)	(0,-0)	(0,-0)	
(-0.000957010787945446,0)	(-0.000220081296815991,0)	(0.0795150433263141,0)	(0.00102034879521242,-0)	(0.000467264350481423,-0)	(0,-0)	(0,-0)	
(0.000249068824720609,0)	(0.00124167074045526,0)	(0.00102034879521242,0)	(0.0780534416992878,0)	(-0.000888451041890629,-0)	(0,-0)	(0,-0)	
(-0.000284123732460021,0)	(-5.72983114514404e-05,0)	(0.000467264350481423,0)	(-0.000888451041890629,0)	(0.0810841262734551,0)	(0,-0)	(0,-0)	
(0,0)	(0,0)	(0,0)	(0,0)	(0,0)	(0.0794167536637023,0)	(-0.000208979448209478,-0)	
(0,0)	(0,0)	(0,0)	(0,0)	(0,0)	(-0.000208979448209478,0)	(0.0804735262083904,0)	
+++ Below these two lines is a config file that is   +++
+++ functionally equivalent to that used in the fit. +++
### FIT CONFIGURATION ###
fit bin_20
reaction EtaPi gamma Proton Pi0 Eta
sum EtaPi::Positive
sum EtaPi::Negative
amplitude EtaPi::Negative::S0- TwoPSAngles 0 0 -1
amplitude EtaPi::Negative::P0- TwoPSAngles 1 0 -1
amplitude EtaPi::Negative::P1- TwoPSAngles 1 1 -1
amplitude EtaPi::Negative::D0- TwoPSAngles 2 0 -1
amplitude EtaPi::Negative::D1- TwoPSAngles 2 1 -1
amplitude EtaPi::Positive::P1+ TwoPSAngles 1 1 1
amplitude EtaPi::Positive::D1+ TwoPSAngles 2 1 1
scale EtaPi::Negative::S0- 1.0
scale EtaPi::Negative::P0- 1.0
scale EtaPi::Negative::P1- 1.0
scale EtaPi::Negative::D0- 1.0
scale EtaPi::Negative::D1- 1.0
scale EtaPi::Positive::P1+ 1.0
scale EtaPi::Positive::D1+ 1.0
initialize EtaPi::Negative::S0- cartesian 421.341169149 0 real
initialize EtaPi::Negative::P0- cartesian 23.9348872345 46.0958796279
initialize EtaPi::Negative::P1- cartesian 12.9667584915 12.9510270866
initialize EtaPi::Negative::D0- cartesian 304.619563908 52.9622219758
initialize EtaPi::Negative::D1- cartesian 24.6850053524 23.6442234638
initialize EtaPi::Positive::P1+ cartesian 45.4894836364 -11.2874741889
initialize EtaPi::Positive::D1+ cartesian 75.9044060861 0 real
data EtaPi ROOTDataReader data_pi0eta_tLT1_20.root
genmc EtaPi ROOTDataReader thrown_pi0eta_tLT1_20.root
accmc EtaPi ROOTDataReader reco_pi0eta_tLT1_20.root
normintfile EtaPi bin_20.ni
