*** DO NOT EDIT THIS FILE - IT IS FORMATTED FOR INPUT ***
+++ Reactions, Amplitudes, and Scale Parameters +++
  1
  EtaPi	7
  EtaPi::Negative::S0-	-	1
  EtaPi::Negative::P0-	-	1
  EtaPi::Negative::P1-	-	1
  EtaPi::Negative::D0-	-	1
  EtaPi::Negative::D1-	-	1
  EtaPi::Positive::P1+	-	1
  EtaPi::Positive::D1+	-	1
+++ Likelihood Total and Partial Sums +++
  -29927.7513290072
  EtaPi	-29927.7513290072
+++ Fitter Information +++
  lastMinuitCommand	1
  lastMinuitCommandStatus	0
  eMatrixStatus	3
  minuitPrecision	1e-13
  minuitStrategy	1
  estDistToMinimum	1.10301667241608e-05
  bestMinimum	-29927.7513290072
+++ Parameter Values and Errors +++
  14
  EtaPi::Negative::S0-_re	8.17732506337328
  EtaPi::Negative::S0-_im	0
  EtaPi::Negative::P0-_re	-2.0442010751733
  EtaPi::Negative::P0-_im	-1.51843247061403
  EtaPi::Negative::P1-_re	-14.1017964020738
  EtaPi::Negative::P1-_im	-4.96377151530278
  EtaPi::Negative::D0-_re	-49.3089787427355
  EtaPi::Negative::D0-_im	152.336486111773
  EtaPi::Negative::D1-_re	4.32591529461811
  EtaPi::Negative::D1-_im	3.18619001583829
  EtaPi::Positive::P1+_re	2.12771993277907
  EtaPi::Positive::P1+_im	-0.0196101255218355
  EtaPi::Positive::D1+_re	-19.7873206969167
  EtaPi::Positive::D1+_im	0
  106.610331359338	  0	  60.6078619186926	  25.1573729561359	  61.2933893968044	  55.1892904341846	  397.214704784816	  129.327233915399	  39.9720443169623	  -2.0332422069243	  9.44371172862922	  -28.6223361984097	  0.0989734560647928	  0	
  0	  0	  0	  0	  0	  0	  0	  0	  0	  0	  0	  0	  0	  0	
  60.6078619186926	  0	  136.809909318866	  44.2084575204829	  28.3431983407845	  34.8082040289029	  286.892558993285	  93.086361000529	  52.3381925437948	  6.34665982023975	  11.4976941266098	  -10.7704147340844	  5.27352787571935	  0	
  25.1573729561359	  0	  44.2084575204829	  18.804345389973	  11.244674147661	  14.9317248547193	  124.13801622799	  40.1424370793089	  18.0462326039656	  1.08591234383855	  5.26866591709476	  -3.73198108260285	  1.18502549956618	  0	
  61.2933893968044	  0	  28.3431983407845	  11.244674147661	  102.631877161748	  49.423085687073	  166.606468433538	  58.9572565033719	  43.5319307650426	  8.45803214821358	  6.07725446153055	  -19.7456035287313	  -7.6655748932722	  0	
  55.1892904341846	  0	  34.8082040289029	  14.9317248547193	  49.423085687073	  44.8163730476065	  266.456624011743	  87.8691372989766	  31.4717811802401	  0.506378295097273	  5.34021250041744	  -6.01102113813626	  -0.609051431842489	  0	
  397.214704784816	  0	  286.892558993285	  124.13801622799	  166.606468433538	  266.456624011743	  2319.68697552124	  747.575187092174	  175.919582307553	  -27.7471882541059	  35.5374797111135	  -4.24758602530391	  23.1147282630517	  0	
  129.327233915399	  0	  93.086361000529	  40.1424370793089	  58.9572565033719	  87.8691372989766	  747.575187092174	  245.021327822722	  58.4330115131232	  -8.27354768433891	  10.4550373120742	  -6.34385957623951	  8.60413170942731	  0	
  39.9720443169623	  0	  52.3381925437948	  18.0462326039656	  43.5319307650426	  31.4717811802401	  175.919582307553	  58.4330115131232	  65.1476807059045	  13.5522819801006	  -4.15759925562927	  -6.09229366596904	  3.99796233195779	  0	
  -2.0332422069243	  0	  6.34665982023975	  1.08591234383855	  8.45803214821358	  0.506378295097273	  -27.7471882541059	  -8.27354768433891	  13.5522819801006	  9.21740119527475	  -2.9231370315965	  -1.8974785987942	  0.644153829835456	  0	
  9.44371172862922	  0	  11.4976941266098	  5.26866591709476	  6.07725446153055	  5.34021250041744	  35.5374797111135	  10.4550373120742	  -4.15759925562927	  -2.9231370315965	  33.8856807969538	  4.14152589437707	  -8.23674051570859	  0	
  -28.6223361984097	  0	  -10.7704147340844	  -3.73198108260285	  -19.7456035287313	  -6.01102113813626	  -4.24758602530391	  -6.34385957623951	  -6.09229366596904	  -1.8974785987942	  4.14152589437707	  676.704330037521	  49.0609815726817	  0	
  0.0989734560647928	  0	  5.27352787571935	  1.18502549956618	  -7.6655748932722	  -0.609051431842489	  23.1147282630517	  8.60413170942731	  3.99796233195779	  0.644153829835456	  -8.23674051570859	  49.0609815726817	  24.1455991352857	  0	
  0	  0	  0	  0	  0	  0	  0	  0	  0	  0	  0	  0	  0	  0	
+++ Normalization Integrals +++
  EtaPi
8448	8448
7
EtaPi::Negative::S0-
EtaPi::Negative::P0-
EtaPi::Negative::P1-
EtaPi::Negative::D0-
EtaPi::Negative::D1-
EtaPi::Positive::P1+
EtaPi::Positive::D1+
(0.0795772854596528,0)	(0.000140441790252299,-0)	(0.0012975147095133,-0)	(0.000685096148505941,-0)	(-0.00192271505877597,-0)	(0,-0)	(0,-0)	
(0.000140441790252299,0)	(0.0801900540833113,0)	(-0.00148932868042831,-0)	(-0.000658615786339475,-0)	(0.00114048828335632,-0)	(0,-0)	(0,-0)	
(0.0012975147095133,0)	(-0.00148932868042831,0)	(0.0796074345286208,0)	(-0.000462973720033749,-0)	(-0.000664181806600966,-0)	(0,-0)	(0,-0)	
(0.000685096148505941,0)	(-0.000658615786339475,0)	(-0.000462973720033749,0)	(0.0802051152302957,0)	(-0.00117201363442824,-0)	(0,-0)	(0,-0)	
(-0.00192271505877597,0)	(0.00114048828335632,0)	(-0.000664181806600966,0)	(-0.00117201363442824,0)	(0.0801536999242742,0)	(0,-0)	(0,-0)	
(0,0)	(0,0)	(0,0)	(0,0)	(0,0)	(0.0789343677669828,0)	(0.0017873049528447,-0)	
(0,0)	(0,0)	(0,0)	(0,0)	(0,0)	(0.0017873049528447,0)	(0.0791850456735815,0)	
(0.0795772854596528,0)	(0.000140441790252299,-0)	(0.0012975147095133,-0)	(0.000685096148505941,-0)	(-0.00192271505877597,-0)	(0,-0)	(0,-0)	
(0.000140441790252299,0)	(0.0801900540833113,0)	(-0.00148932868042831,-0)	(-0.000658615786339475,-0)	(0.00114048828335632,-0)	(0,-0)	(0,-0)	
(0.0012975147095133,0)	(-0.00148932868042831,0)	(0.0796074345286208,0)	(-0.000462973720033749,-0)	(-0.000664181806600966,-0)	(0,-0)	(0,-0)	
(0.000685096148505941,0)	(-0.000658615786339475,0)	(-0.000462973720033749,0)	(0.0802051152302957,0)	(-0.00117201363442824,-0)	(0,-0)	(0,-0)	
(-0.00192271505877597,0)	(0.00114048828335632,0)	(-0.000664181806600966,0)	(-0.00117201363442824,0)	(0.0801536999242742,0)	(0,-0)	(0,-0)	
(0,0)	(0,0)	(0,0)	(0,0)	(0,0)	(0.0789343677669828,0)	(0.0017873049528447,-0)	
(0,0)	(0,0)	(0,0)	(0,0)	(0,0)	(0.0017873049528447,0)	(0.0791850456735815,0)	
+++ Below these two lines is a config file that is   +++
+++ functionally equivalent to that used in the fit. +++
### FIT CONFIGURATION ###
fit bin_37
reaction EtaPi gamma Proton Pi0 Eta
sum EtaPi::Positive
sum EtaPi::Negative
amplitude EtaPi::Negative::S0- TwoPSAngles 0 0 -1
amplitude EtaPi::Negative::P0- TwoPSAngles 1 0 -1
amplitude EtaPi::Negative::P1- TwoPSAngles 1 1 -1
amplitude EtaPi::Negative::D0- TwoPSAngles 2 0 -1
amplitude EtaPi::Negative::D1- TwoPSAngles 2 1 -1
amplitude EtaPi::Positive::P1+ TwoPSAngles 1 1 1
amplitude EtaPi::Positive::D1+ TwoPSAngles 2 1 1
scale EtaPi::Negative::S0- 1.0
scale EtaPi::Negative::P0- 1.0
scale EtaPi::Negative::P1- 1.0
scale EtaPi::Negative::D0- 1.0
scale EtaPi::Negative::D1- 1.0
scale EtaPi::Positive::P1+ 1.0
scale EtaPi::Positive::D1+ 1.0
initialize EtaPi::Negative::S0- cartesian 407.938932003 0 real
initialize EtaPi::Negative::P0- cartesian 37.7305556076 43.8665066773
initialize EtaPi::Negative::P1- cartesian 13.6880776969 6.12985197171
initialize EtaPi::Negative::D0- cartesian 140.060934477 14.7320979271
initialize EtaPi::Negative::D1- cartesian 0.2432478703 -13.3963387795
initialize EtaPi::Positive::P1+ cartesian 56.3724151096 -23.9248832202
initialize EtaPi::Positive::D1+ cartesian 77.2194193314 0 real
data EtaPi ROOTDataReader data_pi0eta_tLT1_37.root
genmc EtaPi ROOTDataReader thrown_pi0eta_tLT1_37.root
accmc EtaPi ROOTDataReader reco_pi0eta_tLT1_37.root
normintfile EtaPi bin_37.ni
