*** DO NOT EDIT THIS FILE - IT IS FORMATTED FOR INPUT ***
+++ Reactions, Amplitudes, and Scale Parameters +++
  1
  EtaPi	7
  EtaPi::Negative::S0-	-	1
  EtaPi::Negative::P0-	-	1
  EtaPi::Negative::P1-	-	1
  EtaPi::Negative::D0-	-	1
  EtaPi::Negative::D1-	-	1
  EtaPi::Positive::P1+	-	1
  EtaPi::Positive::D1+	-	1
+++ Likelihood Total and Partial Sums +++
  -210460.161606987
  EtaPi	-210460.161606987
+++ Fitter Information +++
  lastMinuitCommand	1
  lastMinuitCommandStatus	0
  eMatrixStatus	2
  minuitPrecision	1e-13
  minuitStrategy	1
  estDistToMinimum	5.82147183293286e-05
  bestMinimum	-210460.161606987
+++ Parameter Values and Errors +++
  14
  EtaPi::Negative::S0-_re	-349.671231812527
  EtaPi::Negative::S0-_im	0
  EtaPi::Negative::P0-_re	-2.83095762205012
  EtaPi::Negative::P0-_im	164.781621364871
  EtaPi::Negative::P1-_re	2.19482807314767
  EtaPi::Negative::P1-_im	-28.9879914328807
  EtaPi::Negative::D0-_re	34.4019213948316
  EtaPi::Negative::D0-_im	-3.3762171867967
  EtaPi::Negative::D1-_re	-12.2093027318136
  EtaPi::Negative::D1-_im	-2.0470855700513
  EtaPi::Positive::P1+_re	-37.209467855084
  EtaPi::Positive::P1+_im	-0.0461329350772892
  EtaPi::Positive::D1+_re	62.274045284621
  EtaPi::Positive::D1+_im	0
  437.008888265067	  0	  -10.3630768506818	  638.965730357003	  -5.99990384413052	  -492.403263711784	  309.241172945234	  6.01108061471647	  -243.462751019879	  -17.4014052034735	  35.8189801621184	  509.623340680016	  130.242052519165	  0	
  0	  0	  0	  0	  0	  0	  0	  0	  0	  0	  0	  0	  0	  0	
  -10.3630768506818	  0	  20.4372903364061	  -12.8705445150336	  -0.144055481549273	  10.8053467435851	  -6.82138352572865	  16.5083022350949	  5.33793376906809	  -0.624699960418687	  50.1553353900556	  61.6933152978617	  -7.74534435574022	  0	
  638.965730357003	  0	  -12.8705445150336	  1039.53882027918	  -6.95344080545287	  -463.335597654997	  517.150854713652	  12.862769399611	  -267.223955133752	  -20.5822621768342	  64.8903027591233	  398.120642417088	  181.125622411833	  0	
  -5.99990384413052	  0	  -0.144055481549273	  -6.95344080545287	  5.92286131144846	  13.0110719773253	  -2.95063682408309	  0.892424970263482	  5.48800618279414	  7.25611557021334	  -0.100133576337486	  -13.1255757070562	  -1.51434565118964	  0	
  -492.403263711784	  0	  10.8053467435851	  -463.335597654997	  13.0110719773253	  1475.79834479721	  -172.294993647254	  -1.05090096991907	  600.106651876423	  36.4187771256546	  4.11695082647001	  -1449.78775943297	  -110.946779636979	  0	
  309.241172945234	  0	  -6.82138352572865	  517.150854713652	  -2.95063682408309	  -172.294993647254	  268.34591422732	  6.3326930045967	  -111.076763884879	  -9.01512557542155	  45.0223510972588	  86.9564445904455	  112.2933117487	  0	
  6.01108061471647	  0	  16.5083022350949	  12.862769399611	  0.892424970263482	  -1.05090096991907	  6.3326930045967	  25.7337536403112	  -1.48640039482335	  1.1174919242843	  38.1182153938778	  52.3354835778145	  -1.18277089673165	  0	
  -243.462751019879	  0	  5.33793376906809	  -267.223955133752	  5.48800618279414	  600.106651876423	  -111.076763884879	  -1.48640039482335	  255.259002780591	  15.6439274351698	  -4.19934476791784	  -586.011254459086	  -58.9887340645025	  0	
  -17.4014052034735	  0	  -0.624699960418687	  -20.5822621768342	  7.25611557021334	  36.4187771256546	  -9.01512557542155	  1.1174919242843	  15.6439274351698	  22.8043586389929	  -0.692137179916793	  -36.1513256014028	  -4.99072240472016	  0	
  35.8189801621184	  0	  50.1553353900556	  64.8903027591233	  -0.100133576337486	  4.11695082647001	  45.0223510972588	  38.1182153938778	  -4.19934476791784	  -0.692137179916793	  274.560506215058	  194.072814211061	  87.0419190486354	  0	
  509.623340680016	  0	  61.6933152978617	  398.120642417088	  -13.1255757070562	  -1449.78775943297	  86.9564445904455	  52.3354835778145	  -586.011254459086	  -36.1513256014028	  194.072814211061	  3185.09587340609	  -94.0694592230996	  0	
  130.242052519165	  0	  -7.74534435574022	  181.125622411833	  -1.51434565118964	  -110.946779636979	  112.2933117487	  -1.18277089673165	  -58.9887340645025	  -4.99072240472016	  87.0419190486354	  -94.0694592230996	  212.223202944436	  0	
  0	  0	  0	  0	  0	  0	  0	  0	  0	  0	  0	  0	  0	  0	
+++ Normalization Integrals +++
  EtaPi
8421	8421
7
EtaPi::Negative::S0-
EtaPi::Negative::P0-
EtaPi::Negative::P1-
EtaPi::Negative::D0-
EtaPi::Negative::D1-
EtaPi::Positive::P1+
EtaPi::Positive::D1+
(0.0795772854596528,0)	(0.000761873473482778,-0)	(0.000284108263357382,-0)	(-2.24897613927034e-05,-0)	(-0.000589524060772036,-0)	(0,-0)	(0,-0)	
(0.000761873473482778,0)	(0.0795571700055294,0)	(-0.00045664337391173,-0)	(0.000696179015877828,-0)	(-0.000189620871310422,-0)	(0,-0)	(0,-0)	
(0.000284108263357382,0)	(-0.00045664337391173,0)	(0.0797128685271214,0)	(-0.000481859186560829,-0)	(2.32215021354172e-05,-0)	(0,-0)	(0,-0)	
(-2.24897613927034e-05,0)	(0.000696179015877828,0)	(-0.000481859186560829,0)	(0.0803676527035874,0)	(-0.000232081617441113,-0)	(0,-0)	(0,-0)	
(-0.000589524060772036,0)	(-0.000189620871310422,0)	(2.32215021354172e-05,0)	(-0.000232081617441113,0)	(0.0786445870171658,0)	(0,-0)	(0,-0)	
(0,0)	(0,0)	(0,0)	(0,0)	(0,0)	(0.0794618178462644,0)	(0.00114004906323278,-0)	
(0,0)	(0,0)	(0,0)	(0,0)	(0,0)	(0.00114004906323278,0)	(0.0794226351533318,0)	
(0.0795772854596528,0)	(0.000761873473482778,-0)	(0.000284108263357382,-0)	(-2.24897613927034e-05,-0)	(-0.000589524060772036,-0)	(0,-0)	(0,-0)	
(0.000761873473482778,0)	(0.0795571700055294,0)	(-0.00045664337391173,-0)	(0.000696179015877828,-0)	(-0.000189620871310422,-0)	(0,-0)	(0,-0)	
(0.000284108263357382,0)	(-0.00045664337391173,0)	(0.0797128685271214,0)	(-0.000481859186560829,-0)	(2.32215021354172e-05,-0)	(0,-0)	(0,-0)	
(-2.24897613927034e-05,0)	(0.000696179015877828,0)	(-0.000481859186560829,0)	(0.0803676527035874,0)	(-0.000232081617441113,-0)	(0,-0)	(0,-0)	
(-0.000589524060772036,0)	(-0.000189620871310422,0)	(2.32215021354172e-05,0)	(-0.000232081617441113,0)	(0.0786445870171658,0)	(0,-0)	(0,-0)	
(0,0)	(0,0)	(0,0)	(0,0)	(0,0)	(0.0794618178462644,0)	(0.00114004906323278,-0)	
(0,0)	(0,0)	(0,0)	(0,0)	(0,0)	(0.00114004906323278,0)	(0.0794226351533318,0)	
+++ Below these two lines is a config file that is   +++
+++ functionally equivalent to that used in the fit. +++
### FIT CONFIGURATION ###
fit bin_12
reaction EtaPi gamma Proton Pi0 Eta
sum EtaPi::Positive
sum EtaPi::Negative
amplitude EtaPi::Negative::S0- TwoPSAngles 0 0 -1
amplitude EtaPi::Negative::P0- TwoPSAngles 1 0 -1
amplitude EtaPi::Negative::P1- TwoPSAngles 1 1 -1
amplitude EtaPi::Negative::D0- TwoPSAngles 2 0 -1
amplitude EtaPi::Negative::D1- TwoPSAngles 2 1 -1
amplitude EtaPi::Positive::P1+ TwoPSAngles 1 1 1
amplitude EtaPi::Positive::D1+ TwoPSAngles 2 1 1
scale EtaPi::Negative::S0- 1.0
scale EtaPi::Negative::P0- 1.0
scale EtaPi::Negative::P1- 1.0
scale EtaPi::Negative::D0- 1.0
scale EtaPi::Negative::D1- 1.0
scale EtaPi::Positive::P1+ 1.0
scale EtaPi::Positive::D1+ 1.0
initialize EtaPi::Negative::S0- cartesian 170.877244595 0 real
initialize EtaPi::Negative::P0- cartesian 31.3541817149 42.9193658164
initialize EtaPi::Negative::P1- cartesian 4.59271620706 9.32354316731
initialize EtaPi::Negative::D0- cartesian 206.262776496 53.6664236135
initialize EtaPi::Negative::D1- cartesian 24.4082248369 -19.1080890601
initialize EtaPi::Positive::P1+ cartesian 30.5466688097 -12.1704139594
initialize EtaPi::Positive::D1+ cartesian 86.4420992254 0 real
data EtaPi ROOTDataReader data_pi0eta_tLT1_12.root
genmc EtaPi ROOTDataReader thrown_pi0eta_tLT1_12.root
accmc EtaPi ROOTDataReader reco_pi0eta_tLT1_12.root
normintfile EtaPi bin_12.ni
