*** DO NOT EDIT THIS FILE - IT IS FORMATTED FOR INPUT ***
+++ Reactions, Amplitudes, and Scale Parameters +++
  1
  EtaPi	7
  EtaPi::Negative::S0-	-	1
  EtaPi::Negative::P0-	-	1
  EtaPi::Negative::P1-	-	1
  EtaPi::Negative::D0-	-	1
  EtaPi::Negative::D1-	-	1
  EtaPi::Positive::P1+	-	1
  EtaPi::Positive::D1+	-	1
+++ Likelihood Total and Partial Sums +++
  -26432.3599699265
  EtaPi	-26432.3599699265
+++ Fitter Information +++
  lastMinuitCommand	1
  lastMinuitCommandStatus	0
  eMatrixStatus	3
  minuitPrecision	1e-13
  minuitStrategy	1
  estDistToMinimum	1.66202409650886e-05
  bestMinimum	-26432.3599699265
+++ Parameter Values and Errors +++
  14
  EtaPi::Negative::S0-_re	-37.1201670952995
  EtaPi::Negative::S0-_im	0
  EtaPi::Negative::P0-_re	27.5381283600384
  EtaPi::Negative::P0-_im	-57.4126666032177
  EtaPi::Negative::P1-_re	-84.915967896823
  EtaPi::Negative::P1-_im	-24.8735984751481
  EtaPi::Negative::D0-_re	-31.0821131459227
  EtaPi::Negative::D0-_im	-17.9483524103403
  EtaPi::Negative::D1-_re	-14.1566882874271
  EtaPi::Negative::D1-_im	37.6930995581733
  EtaPi::Positive::P1+_re	17.9370380468729
  EtaPi::Positive::P1+_im	-82.0544479459445
  EtaPi::Positive::D1+_re	44.2395587377152
  EtaPi::Positive::D1+_im	0
  36.6257373200377	  0	  -80.9656491209068	  -78.3405272679946	  -39.0811531790068	  84.709459803178	  -16.9743508603733	  84.2884072052882	  67.5901935954239	  -10.7097821569969	  -32.1603513552187	  -12.2839460887352	  -7.8424437892585	  0	
  0	  0	  0	  0	  0	  0	  0	  0	  0	  0	  0	  0	  0	  0	
  -80.9656491209068	  0	  1015.25024554321	  308.836991344527	  323.94155944031	  -1036.70388839089	  383.745251185386	  -725.914958265403	  -599.582496009349	  -383.648903048504	  350.566171020115	  152.821207366521	  -3.85338013457236	  0	
  -78.3405272679946	  0	  308.836991344527	  255.069067217962	  129.275839464389	  -328.078076047302	  82.0817639072471	  -291.948779939464	  -237.059552173155	  -6.21855851072722	  95.8701944279754	  48.3047179954364	  53.2929417239243	  0	
  -39.0811531790068	  0	  323.94155944031	  129.275839464389	  116.495214049021	  -335.896463523816	  115.835826716657	  -247.185045006378	  -203.16599565436	  -100.096024833031	  112.093724023341	  47.4097759924295	  6.93331369347889	  0	
  84.709459803178	  0	  -1036.70388839089	  -328.078076047302	  -335.896463523816	  1081.44266911748	  -393.136139972862	  748.943207843721	  618.811325679815	  388.094607186712	  -357.413698770953	  -158.314793870924	  -4.73763781007562	  0	
  -16.9743508603733	  0	  383.745251185386	  82.0817639072471	  115.835826716657	  -393.136139972862	  161.367372380916	  -259.556008753401	  -215.24267030464	  -170.705337900242	  131.220275644009	  58.4321362789055	  -6.90878938350421	  0	
  84.2884072052882	  0	  -725.914958265403	  -291.948779939464	  -247.185045006378	  748.943207843721	  -259.556008753401	  562.445590729791	  454.012687501497	  225.511182556678	  -245.089402081149	  -110.084347873289	  -18.6824468195985	  0	
  67.5901935954239	  0	  -599.582496009349	  -237.059552173155	  -203.16599565436	  618.811325679815	  -215.24267030464	  454.012687501497	  380.101146279713	  189.024825089985	  -200.074954526855	  -89.91874182489	  -14.7119929182291	  0	
  -10.7097821569969	  0	  -383.648903048504	  -6.21855851072722	  -100.096024833031	  388.094607186712	  -170.705337900242	  225.511182556678	  189.024825089985	  233.570512395172	  -133.975129850185	  -56.7689458566922	  31.5203699181798	  0	
  -32.1603513552187	  0	  350.566171020115	  95.8701944279754	  112.093724023341	  -357.413698770953	  131.220275644009	  -245.089402081149	  -200.074954526855	  -133.975129850185	  170.222056300106	  56.1160139456207	  -26.6557290642546	  0	
  -12.2839460887352	  0	  152.821207366521	  48.3047179954364	  47.4097759924295	  -158.314793870924	  58.4321362789055	  -110.084347873289	  -89.91874182489	  -56.7689458566922	  56.1160139456207	  33.6445993473369	  9.66712659449421	  0	
  -7.8424437892585	  0	  -3.85338013457236	  53.2929417239243	  6.93331369347889	  -4.73763781007562	  -6.90878938350421	  -18.6824468195985	  -14.7119929182291	  31.5203699181798	  -26.6557290642546	  9.66712659449421	  64.0185480137914	  0	
  0	  0	  0	  0	  0	  0	  0	  0	  0	  0	  0	  0	  0	  0	
+++ Normalization Integrals +++
  EtaPi
8311	8311
7
EtaPi::Negative::S0-
EtaPi::Negative::P0-
EtaPi::Negative::P1-
EtaPi::Negative::D0-
EtaPi::Negative::D1-
EtaPi::Positive::P1+
EtaPi::Positive::D1+
(0.0795772854596526,0)	(0.00139230368121757,-0)	(-0.000877176858493499,-0)	(-0.00108684459231655,-0)	(-0.00059114867050883,-0)	(0,-0)	(0,-0)	
(0.00139230368121757,0)	(0.0786051821038793,0)	(-0.000457901791202671,-0)	(0.00256492388093196,-0)	(-0.00140699414430219,-0)	(0,-0)	(0,-0)	
(-0.000877176858493499,0)	(-0.000457901791202671,0)	(0.0799823701632086,0)	(-0.000237779130001062,-0)	(0.000488435671021606,-0)	(0,-0)	(0,-0)	
(-0.00108684459231655,0)	(0.00256492388093196,0)	(-0.000237779130001062,0)	(0.0794316272873226,0)	(-0.000339595796753175,-0)	(0,-0)	(0,-0)	
(-0.00059114867050883,0)	(-0.00140699414430219,0)	(0.000488435671021606,0)	(-0.000339595796753175,0)	(0.0791693587552866,0)	(0,-0)	(0,-0)	
(0,0)	(0,0)	(0,0)	(0,0)	(0,0)	(0.080144304111827,0)	(0.000144757989577101,-0)	
(0,0)	(0,0)	(0,0)	(0,0)	(0,0)	(0.000144757989577101,0)	(0.0785592508008133,0)	
(0.0795772854596526,0)	(0.00139230368121757,-0)	(-0.000877176858493499,-0)	(-0.00108684459231655,-0)	(-0.00059114867050883,-0)	(0,-0)	(0,-0)	
(0.00139230368121757,0)	(0.0786051821038793,0)	(-0.000457901791202671,-0)	(0.00256492388093196,-0)	(-0.00140699414430219,-0)	(0,-0)	(0,-0)	
(-0.000877176858493499,0)	(-0.000457901791202671,0)	(0.0799823701632086,0)	(-0.000237779130001062,-0)	(0.000488435671021606,-0)	(0,-0)	(0,-0)	
(-0.00108684459231655,0)	(0.00256492388093196,0)	(-0.000237779130001062,0)	(0.0794316272873226,0)	(-0.000339595796753175,-0)	(0,-0)	(0,-0)	
(-0.00059114867050883,0)	(-0.00140699414430219,0)	(0.000488435671021606,0)	(-0.000339595796753175,0)	(0.0791693587552866,0)	(0,-0)	(0,-0)	
(0,0)	(0,0)	(0,0)	(0,0)	(0,0)	(0.080144304111827,0)	(0.000144757989577101,-0)	
(0,0)	(0,0)	(0,0)	(0,0)	(0,0)	(0.000144757989577101,0)	(0.0785592508008133,0)	
+++ Below these two lines is a config file that is   +++
+++ functionally equivalent to that used in the fit. +++
### FIT CONFIGURATION ###
fit bin_6
reaction EtaPi gamma Proton Pi0 Eta
sum EtaPi::Positive
sum EtaPi::Negative
amplitude EtaPi::Negative::S0- TwoPSAngles 0 0 -1
amplitude EtaPi::Negative::P0- TwoPSAngles 1 0 -1
amplitude EtaPi::Negative::P1- TwoPSAngles 1 1 -1
amplitude EtaPi::Negative::D0- TwoPSAngles 2 0 -1
amplitude EtaPi::Negative::D1- TwoPSAngles 2 1 -1
amplitude EtaPi::Positive::P1+ TwoPSAngles 1 1 1
amplitude EtaPi::Positive::D1+ TwoPSAngles 2 1 1
scale EtaPi::Negative::S0- 1.0
scale EtaPi::Negative::P0- 1.0
scale EtaPi::Negative::P1- 1.0
scale EtaPi::Negative::D0- 1.0
scale EtaPi::Negative::D1- 1.0
scale EtaPi::Positive::P1+ 1.0
scale EtaPi::Positive::D1+ 1.0
initialize EtaPi::Negative::S0- cartesian 326.255432767 0 real
initialize EtaPi::Negative::P0- cartesian 57.8639431519 42.4949828484
initialize EtaPi::Negative::P1- cartesian -4.92862396069 53.8056869546
initialize EtaPi::Negative::D0- cartesian 340.607595858 86.8325265298
initialize EtaPi::Negative::D1- cartesian 15.309336031 25.1590078474
initialize EtaPi::Positive::P1+ cartesian 38.5445035437 -10.2858407492
initialize EtaPi::Positive::D1+ cartesian 57.0950102848 0 real
data EtaPi ROOTDataReader data_pi0eta_tLT1_6.root
genmc EtaPi ROOTDataReader thrown_pi0eta_tLT1_6.root
accmc EtaPi ROOTDataReader reco_pi0eta_tLT1_6.root
normintfile EtaPi bin_6.ni
