*** DO NOT EDIT THIS FILE - IT IS FORMATTED FOR INPUT ***
+++ Reactions, Amplitudes, and Scale Parameters +++
  1
  EtaPi	7
  EtaPi::Negative::S0-	-	1
  EtaPi::Negative::P0-	-	1
  EtaPi::Negative::P1-	-	1
  EtaPi::Negative::D0-	-	1
  EtaPi::Negative::D1-	-	1
  EtaPi::Positive::P1+	-	1
  EtaPi::Positive::D1+	-	1
+++ Likelihood Total and Partial Sums +++
  -9339.31086074223
  EtaPi	-9339.31086074223
+++ Fitter Information +++
  lastMinuitCommand	1
  lastMinuitCommandStatus	0
  eMatrixStatus	3
  minuitPrecision	1e-13
  minuitStrategy	1
  estDistToMinimum	4.22547406384831e-05
  bestMinimum	-9339.31086074223
+++ Parameter Values and Errors +++
  14
  EtaPi::Negative::S0-_re	94.14448776704
  EtaPi::Negative::S0-_im	0
  EtaPi::Negative::P0-_re	7.57057417063965
  EtaPi::Negative::P0-_im	-16.551971106267
  EtaPi::Negative::P1-_re	-1.7194054402182
  EtaPi::Negative::P1-_im	-12.8891835019792
  EtaPi::Negative::D0-_re	-0.257394949418406
  EtaPi::Negative::D0-_im	25.2945899315284
  EtaPi::Negative::D1-_re	-0.188099777063312
  EtaPi::Negative::D1-_im	-5.73941852861643
  EtaPi::Positive::P1+_re	-1.88281032144602
  EtaPi::Positive::P1+_im	-0.0125131899136755
  EtaPi::Positive::D1+_re	16.4800218427321
  EtaPi::Positive::D1+_im	0
  17.25947675779	  0	  -5.5014686648574	  4.50084733930054	  3.00435134549784	  12.4716050369056	  5.74355120062856	  -15.3622120272314	  1.90707851208844	  4.80180017819605	  10.2898814169483	  -1.36688383354805	  -37.738824910906	  0	
  0	  0	  0	  0	  0	  0	  0	  0	  0	  0	  0	  0	  0	  0	
  -5.5014686648574	  0	  19.2839153394807	  -24.4692097394582	  3.04469352666903	  17.106368220792	  -7.11956530754187	  8.29780506577817	  -1.57898236747184	  15.6817526980835	  -38.0346633492462	  -2.22281148554116	  3.40722523701753	  0	
  4.50084733930054	  0	  -24.4692097394582	  117.362873370028	  3.84671592565752	  35.6080778148325	  5.17883049578036	  61.9078935396514	  19.1369346583715	  -11.7977570366828	  50.5909802917904	  -4.98319452297462	  32.2583984131707	  0	
  3.00435134549784	  0	  3.04469352666903	  3.84671592565752	  7.4403838306643	  23.5222756927475	  -1.59572416891299	  7.31983151570228	  2.8305684794193	  11.3329511669499	  -3.32355577883587	  -1.8076683951546	  -3.83666185774053	  0	
  12.4716050369056	  0	  17.106368220792	  35.6080778148325	  23.5222756927475	  166.741045787222	  -13.4534330197622	  70.5799029615966	  23.139364562984	  44.4897111457418	  -15.9282937492661	  -13.2180887513245	  -8.40114770009795	  0	
  5.74355120062856	  0	  -7.11956530754187	  5.17883049578036	  -1.59572416891299	  -13.4534330197622	  8.93638002342306	  -14.165739197224	  -0.92859944117453	  -4.75464008320435	  9.93619307304303	  3.92288299452364	  -14.3821364724069	  0	
  -15.3622120272314	  0	  8.29780506577817	  61.9078935396514	  7.31983151570228	  70.5799029615966	  -14.165739197224	  105.376405393757	  16.3548504074295	  10.9860726766201	  -3.89168567144222	  -10.1409287508103	  49.1793214570321	  0	
  1.90707851208844	  0	  -1.57898236747184	  19.1369346583715	  2.8305684794193	  23.139364562984	  -0.92859944117453	  16.3548504074295	  8.75079832227109	  0.705139732085738	  5.03441193763461	  -2.19525998897335	  3.0211597359713	  0	
  4.80180017819605	  0	  15.6817526980835	  -11.7977570366828	  11.3329511669499	  44.4897111457418	  -4.75464008320435	  10.9860726766201	  0.705139732085738	  56.5220348756097	  -21.6281395816511	  -3.75646304335352	  -11.0795596580096	  0	
  10.2898814169483	  0	  -38.0346633492462	  50.5909802917904	  -3.32355577883587	  -15.9282937492661	  9.93619307304303	  -3.89168567144222	  5.03441193763461	  -21.6281395816511	  154.959457422329	  3.47288567400658	  7.5950727755357	  0	
  -1.36688383354805	  0	  -2.22281148554116	  -4.98319452297462	  -1.8076683951546	  -13.2180887513245	  3.92288299452364	  -10.1409287508103	  -2.19525998897335	  -3.75646304335352	  3.47288567400658	  343.570214446293	  -11.9364589731736	  0	
  -37.738824910906	  0	  3.40722523701753	  32.2583984131707	  -3.83666185774053	  -8.40114770009795	  -14.3821364724069	  49.1793214570321	  3.0211597359713	  -11.0795596580096	  7.5950727755357	  -11.9364589731736	  163.900753240069	  0	
  0	  0	  0	  0	  0	  0	  0	  0	  0	  0	  0	  0	  0	  0	
+++ Normalization Integrals +++
  EtaPi
8565	8565
7
EtaPi::Negative::S0-
EtaPi::Negative::P0-
EtaPi::Negative::P1-
EtaPi::Negative::D0-
EtaPi::Negative::D1-
EtaPi::Positive::P1+
EtaPi::Positive::D1+
(0.079577285459653,0)	(-0.00159301233632392,-0)	(0.000786124377492717,-0)	(-0.000305609429038286,-0)	(-0.00117067124120903,-0)	(0,-0)	(0,-0)	
(-0.00159301233632392,0)	(0.0793039400764807,0)	(-0.000906798044217308,-0)	(-0.000195905195225898,-0)	(0.000827409329435354,-0)	(0,-0)	(0,-0)	
(0.000786124377492717,0)	(-0.000906798044217308,0)	(0.0803775298453714,0)	(-0.000162356274802448,-0)	(-0.00235259408308766,-0)	(0,-0)	(0,-0)	
(-0.000305609429038286,0)	(-0.000195905195225898,0)	(-0.000162356274802448,0)	(0.0780860292476802,0)	(-0.000311686832423747,-0)	(0,-0)	(0,-0)	
(-0.00117067124120903,0)	(0.000827409329435354,0)	(-0.00235259408308766,0)	(-0.000311686832423747,0)	(0.0816521983493089,0)	(0,-0)	(0,-0)	
(0,0)	(0,0)	(0,0)	(0,0)	(0,0)	(0.0790503864570628,0)	(-0.00153433424843738,-0)	
(0,0)	(0,0)	(0,0)	(0,0)	(0,0)	(-0.00153433424843738,0)	(0.0790351385473156,0)	
(0.079577285459653,0)	(-0.00159301233632392,-0)	(0.000786124377492717,-0)	(-0.000305609429038286,-0)	(-0.00117067124120903,-0)	(0,-0)	(0,-0)	
(-0.00159301233632392,0)	(0.0793039400764807,0)	(-0.000906798044217308,-0)	(-0.000195905195225898,-0)	(0.000827409329435354,-0)	(0,-0)	(0,-0)	
(0.000786124377492717,0)	(-0.000906798044217308,0)	(0.0803775298453714,0)	(-0.000162356274802448,-0)	(-0.00235259408308766,-0)	(0,-0)	(0,-0)	
(-0.000305609429038286,0)	(-0.000195905195225898,0)	(-0.000162356274802448,0)	(0.0780860292476802,0)	(-0.000311686832423747,-0)	(0,-0)	(0,-0)	
(-0.00117067124120903,0)	(0.000827409329435354,0)	(-0.00235259408308766,0)	(-0.000311686832423747,0)	(0.0816521983493089,0)	(0,-0)	(0,-0)	
(0,0)	(0,0)	(0,0)	(0,0)	(0,0)	(0.0790503864570628,0)	(-0.00153433424843738,-0)	
(0,0)	(0,0)	(0,0)	(0,0)	(0,0)	(-0.00153433424843738,0)	(0.0790351385473156,0)	
+++ Below these two lines is a config file that is   +++
+++ functionally equivalent to that used in the fit. +++
### FIT CONFIGURATION ###
fit bin_1
reaction EtaPi gamma Proton Pi0 Eta
sum EtaPi::Positive
sum EtaPi::Negative
amplitude EtaPi::Negative::S0- TwoPSAngles 0 0 -1
amplitude EtaPi::Negative::P0- TwoPSAngles 1 0 -1
amplitude EtaPi::Negative::P1- TwoPSAngles 1 1 -1
amplitude EtaPi::Negative::D0- TwoPSAngles 2 0 -1
amplitude EtaPi::Negative::D1- TwoPSAngles 2 1 -1
amplitude EtaPi::Positive::P1+ TwoPSAngles 1 1 1
amplitude EtaPi::Positive::D1+ TwoPSAngles 2 1 1
scale EtaPi::Negative::S0- 1.0
scale EtaPi::Negative::P0- 1.0
scale EtaPi::Negative::P1- 1.0
scale EtaPi::Negative::D0- 1.0
scale EtaPi::Negative::D1- 1.0
scale EtaPi::Positive::P1+ 1.0
scale EtaPi::Positive::D1+ 1.0
initialize EtaPi::Negative::S0- cartesian 475.959261074 0 real
initialize EtaPi::Negative::P0- cartesian 11.3138466612 1.41852165094
initialize EtaPi::Negative::P1- cartesian 38.6631038602 32.4473284698
initialize EtaPi::Negative::D0- cartesian 332.612334231 -36.3097972354
initialize EtaPi::Negative::D1- cartesian 11.2628154269 1.37017686928
initialize EtaPi::Positive::P1+ cartesian 27.8830247807 -27.8478228539
initialize EtaPi::Positive::D1+ cartesian 72.6294430852 0 real
data EtaPi ROOTDataReader data_pi0eta_tLT1_1.root
genmc EtaPi ROOTDataReader thrown_pi0eta_tLT1_1.root
accmc EtaPi ROOTDataReader reco_pi0eta_tLT1_1.root
normintfile EtaPi bin_1.ni
