*** DO NOT EDIT THIS FILE - IT IS FORMATTED FOR INPUT ***
+++ Reactions, Amplitudes, and Scale Parameters +++
  1
  EtaPi	7
  EtaPi::Negative::S0-	-	1
  EtaPi::Negative::P0-	-	1
  EtaPi::Negative::P1-	-	1
  EtaPi::Negative::D0-	-	1
  EtaPi::Negative::D1-	-	1
  EtaPi::Positive::P1+	-	1
  EtaPi::Positive::D1+	-	1
+++ Likelihood Total and Partial Sums +++
  -1419.49395263958
  EtaPi	-1419.49395263958
+++ Fitter Information +++
  lastMinuitCommand	1
  lastMinuitCommandStatus	0
  eMatrixStatus	3
  minuitPrecision	1e-13
  minuitStrategy	1
  estDistToMinimum	3.40769733437499e-06
  bestMinimum	-1419.49395263958
+++ Parameter Values and Errors +++
  14
  EtaPi::Negative::S0-_re	-8.29141785342413
  EtaPi::Negative::S0-_im	0
  EtaPi::Negative::P0-_re	8.03658456370832
  EtaPi::Negative::P0-_im	-1.28118958772355
  EtaPi::Negative::P1-_re	-1.47259288183114
  EtaPi::Negative::P1-_im	3.27476322611677
  EtaPi::Negative::D0-_re	36.3214373589694
  EtaPi::Negative::D0-_im	22.8563219599488
  EtaPi::Negative::D1-_re	5.87758303539128
  EtaPi::Negative::D1-_im	-0.337673759497154
  EtaPi::Positive::P1+_re	-6.46746930379549
  EtaPi::Positive::P1+_im	0.0182238410380776
  EtaPi::Positive::D1+_re	0.74576523124689
  EtaPi::Positive::D1+_im	0
  19.6518998619555	  0	  -11.817585358814	  -7.88890197212537	  1.41441078007534	  11.0298050536872	  48.0637003821921	  -76.3062255865327	  2.99816993425803	  -20.9292931023331	  -22.8661324542164	  11.6998053428355	  11.1036278178627	  0	
  0	  0	  0	  0	  0	  0	  0	  0	  0	  0	  0	  0	  0	  0	
  -11.817585358814	  0	  26.4886306573819	  -21.9913695778173	  8.1883533485402	  -21.7042374260736	  -17.9130034929598	  26.3660183282189	  -1.92909641818349	  10.3336638337321	  22.488967406328	  -12.9855243787777	  -16.0159639378141	  0	
  -7.88890197212537	  0	  -21.9913695778173	  72.7951004545092	  -23.8207066422717	  21.6659791847341	  -84.0507522591229	  133.534515335391	  -4.12893582419064	  28.7282454050744	  -16.7405018861899	  19.5745433973355	  7.31130603078219	  0	
  1.41441078007534	  0	  8.1883533485402	  -23.8207066422717	  17.1026431016886	  -18.0791138869582	  24.9350161293057	  -38.2667127077322	  -0.360135951558085	  -6.99789053229195	  4.51617713844929	  -5.30553277858263	  1.24483045652419	  0	
  11.0298050536872	  0	  -21.7042374260736	  21.6659791847341	  -18.0791138869582	  42.6955840794754	  18.6346450965175	  -29.8847668722139	  4.58192098287679	  -11.9845557804204	  -15.0446749783523	  6.97741636711002	  7.23500099016145	  0	
  48.0637003821921	  0	  -17.9130034929598	  -84.0507522591229	  24.9350161293057	  18.6346450965175	  237.550274597719	  -365.470433634025	  17.1598361736409	  -93.7990391272175	  -17.2902177933218	  -15.2134335670289	  30.1372273712081	  0	
  -76.3062255865327	  0	  26.3660183282189	  133.534515335391	  -38.2667127077322	  -29.8847668722139	  -365.470433634025	  578.086453412512	  -27.8595866175259	  147.326456031578	  40.4845411471857	  11.6549864384923	  -43.1756658678784	  0	
  2.99816993425803	  0	  -1.92909641818349	  -4.12893582419064	  -0.360135951558085	  4.58192098287679	  17.1598361736409	  -27.8595866175259	  9.62848400178178	  -12.030510142252	  1.20517885624679	  -2.85610263323571	  -1.0070131269456	  0	
  -20.9292931023331	  0	  10.3336638337321	  28.7282454050744	  -6.99789053229195	  -11.9845557804204	  -93.7990391272175	  147.326456031578	  -12.030510142252	  49.1346923437326	  9.32812931248229	  3.71221835295937	  -7.84941059892997	  0	
  -22.8661324542164	  0	  22.488967406328	  -16.7405018861899	  4.51617713844929	  -15.0446749783523	  -17.2902177933218	  40.4845411471857	  1.20517885624679	  9.32812931248229	  99.0841920964535	  253.505847305234	  -10.4638898570423	  0	
  11.6998053428355	  0	  -12.9855243787777	  19.5745433973355	  -5.30553277858263	  6.97741636711002	  -15.2134335670289	  11.6549864384923	  -2.85610263323571	  3.71221835295937	  253.505847305234	  3491.13749547787	  27.7913634933011	  0	
  11.1036278178627	  0	  -16.0159639378141	  7.31130603078219	  1.24483045652419	  7.23500099016145	  30.1372273712081	  -43.1756658678784	  -1.0070131269456	  -7.84941059892997	  -10.4638898570423	  27.7913634933011	  53.1068383820778	  0	
  0	  0	  0	  0	  0	  0	  0	  0	  0	  0	  0	  0	  0	  0	
+++ Normalization Integrals +++
  EtaPi
9007	9007
7
EtaPi::Negative::S0-
EtaPi::Negative::P0-
EtaPi::Negative::P1-
EtaPi::Negative::D0-
EtaPi::Negative::D1-
EtaPi::Positive::P1+
EtaPi::Positive::D1+
(0.0795772854596535,0)	(-0.000569353296869435,-0)	(0.00099776011268256,-0)	(-0.00131517929446188,-0)	(-0.00217996241952389,-0)	(0,-0)	(0,-0)	
(-0.000569353296869435,0)	(0.0784009533376314,0)	(-0.0016885916292348,-0)	(-0.000831073725215305,-0)	(0.00141270818553234,-0)	(0,-0)	(0,-0)	
(0.00099776011268256,0)	(-0.0016885916292348,0)	(0.0801297368387844,0)	(0.000107911458207202,-0)	(-0.000472314234882445,-0)	(0,-0)	(0,-0)	
(-0.00131517929446188,0)	(-0.000831073725215305,0)	(0.000107911458207202,0)	(0.0774900638320828,0)	(-0.00100955019990979,-0)	(0,-0)	(0,-0)	
(-0.00217996241952389,0)	(0.00141270818553234,0)	(-0.000472314234882445,0)	(-0.00100955019990979,0)	(0.0791297664536702,0)	(0,-0)	(0,-0)	
(0,0)	(0,0)	(0,0)	(0,0)	(0,0)	(0.0802011662024996,0)	(-3.81083784343275e-05,-0)	
(0,0)	(0,0)	(0,0)	(0,0)	(0,0)	(-3.81083784343275e-05,0)	(0.0808472130990032,0)	
(0.0795772854596535,0)	(-0.000569353296869435,-0)	(0.00099776011268256,-0)	(-0.00131517929446188,-0)	(-0.00217996241952389,-0)	(0,-0)	(0,-0)	
(-0.000569353296869435,0)	(0.0784009533376314,0)	(-0.0016885916292348,-0)	(-0.000831073725215305,-0)	(0.00141270818553234,-0)	(0,-0)	(0,-0)	
(0.00099776011268256,0)	(-0.0016885916292348,0)	(0.0801297368387844,0)	(0.000107911458207202,-0)	(-0.000472314234882445,-0)	(0,-0)	(0,-0)	
(-0.00131517929446188,0)	(-0.000831073725215305,0)	(0.000107911458207202,0)	(0.0774900638320828,0)	(-0.00100955019990979,-0)	(0,-0)	(0,-0)	
(-0.00217996241952389,0)	(0.00141270818553234,0)	(-0.000472314234882445,0)	(-0.00100955019990979,0)	(0.0791297664536702,0)	(0,-0)	(0,-0)	
(0,0)	(0,0)	(0,0)	(0,0)	(0,0)	(0.0802011662024996,0)	(-3.81083784343275e-05,-0)	
(0,0)	(0,0)	(0,0)	(0,0)	(0,0)	(-3.81083784343275e-05,0)	(0.0808472130990032,0)	
+++ Below these two lines is a config file that is   +++
+++ functionally equivalent to that used in the fit. +++
### FIT CONFIGURATION ###
fit bin_59
reaction EtaPi gamma Proton Pi0 Eta
sum EtaPi::Positive
sum EtaPi::Negative
amplitude EtaPi::Negative::S0- TwoPSAngles 0 0 -1
amplitude EtaPi::Negative::P0- TwoPSAngles 1 0 -1
amplitude EtaPi::Negative::P1- TwoPSAngles 1 1 -1
amplitude EtaPi::Negative::D0- TwoPSAngles 2 0 -1
amplitude EtaPi::Negative::D1- TwoPSAngles 2 1 -1
amplitude EtaPi::Positive::P1+ TwoPSAngles 1 1 1
amplitude EtaPi::Positive::D1+ TwoPSAngles 2 1 1
scale EtaPi::Negative::S0- 1.0
scale EtaPi::Negative::P0- 1.0
scale EtaPi::Negative::P1- 1.0
scale EtaPi::Negative::D0- 1.0
scale EtaPi::Negative::D1- 1.0
scale EtaPi::Positive::P1+ 1.0
scale EtaPi::Positive::D1+ 1.0
initialize EtaPi::Negative::S0- cartesian 230.926069997 0 real
initialize EtaPi::Negative::P0- cartesian 58.7860861159 66.1135999465
initialize EtaPi::Negative::P1- cartesian 5.75034124307 79.2996523459
initialize EtaPi::Negative::D0- cartesian 305.873406396 51.1514816884
initialize EtaPi::Negative::D1- cartesian 2.06196122894 23.8558365384
initialize EtaPi::Positive::P1+ cartesian 26.2402344058 -24.8999617033
initialize EtaPi::Positive::D1+ cartesian 75.7370199736 0 real
data EtaPi ROOTDataReader data_pi0eta_tLT1_59.root
genmc EtaPi ROOTDataReader thrown_pi0eta_tLT1_59.root
accmc EtaPi ROOTDataReader reco_pi0eta_tLT1_59.root
normintfile EtaPi bin_59.ni
