*** DO NOT EDIT THIS FILE - IT IS FORMATTED FOR INPUT ***
+++ Reactions, Amplitudes, and Scale Parameters +++
  1
  EtaPi	7
  EtaPi::Negative::S0-	-	1
  EtaPi::Negative::P0-	-	1
  EtaPi::Negative::P1-	-	1
  EtaPi::Negative::D0-	-	1
  EtaPi::Negative::D1-	-	1
  EtaPi::Positive::P1+	-	1
  EtaPi::Positive::D1+	-	1
+++ Likelihood Total and Partial Sums +++
  -30324.4279206108
  EtaPi	-30324.4279206108
+++ Fitter Information +++
  lastMinuitCommand	1
  lastMinuitCommandStatus	0
  eMatrixStatus	3
  minuitPrecision	1e-13
  minuitStrategy	1
  estDistToMinimum	3.91043334876518e-06
  bestMinimum	-30324.4279206108
+++ Parameter Values and Errors +++
  14
  EtaPi::Negative::S0-_re	16.4112949065208
  EtaPi::Negative::S0-_im	0
  EtaPi::Negative::P0-_re	0.951229737345714
  EtaPi::Negative::P0-_im	1.83646759409951
  EtaPi::Negative::P1-_re	41.9345169870034
  EtaPi::Negative::P1-_im	63.31932335959
  EtaPi::Negative::D0-_re	104.345084190703
  EtaPi::Negative::D0-_im	-72.9749501813251
  EtaPi::Negative::D1-_re	2.19121787653021
  EtaPi::Negative::D1-_im	-4.90571550085319
  EtaPi::Positive::P1+_re	63.3299429698029
  EtaPi::Positive::P1+_im	-39.5695310466283
  EtaPi::Positive::D1+_re	0.335757127036759
  EtaPi::Positive::D1+_im	0
  9.40869926731244	  0	  -0.930931569699699	  -0.728701963827479	  5.51597422874435	  -1.07138363389076	  -7.05589824214301	  -4.25787571940111	  0.389136518363053	  -0.427041587837991	  0.338388604727781	  -3.68588057632763	  -0.0183621624839245	  0	
  0	  0	  0	  0	  0	  0	  0	  0	  0	  0	  0	  0	  0	  0	
  -0.930931569699699	  0	  9.45683837555735	  6.09615761907738	  7.69870854228217	  -6.33785837198736	  -8.52424927221207	  -14.2364459779108	  -3.26557404185297	  -0.00824783431272415	  0.949981944449495	  2.96868633176661	  -1.37926817212934	  0	
  -0.728701963827479	  0	  6.09615761907738	  15.2898493361115	  2.12075473064915	  -1.99381317763594	  -2.18969235662977	  -4.46135823020253	  -3.89946002335105	  2.01766102219084	  1.66077072176605	  3.4987831026278	  0.309848944080088	  0	
  5.51597422874435	  0	  7.69870854228217	  2.12075473064915	  206.344421387733	  -144.789351077461	  -212.147387819606	  -326.065426519679	  -16.4187544850545	  -6.65773149280581	  -7.59205807302157	  6.05281133759041	  -3.0688667925829	  0	
  -1.07138363389076	  0	  -6.33785837198736	  -1.99381317763594	  -144.789351077461	  114.572483479799	  152.056582201928	  239.882114607939	  12.2714566365082	  4.94355592152423	  5.13740142774234	  -2.47853134345526	  2.71970516356321	  0	
  -7.05589824214301	  0	  -8.52424927221207	  -2.18969235662977	  -212.147387819606	  152.056582201928	  228.211822325697	  343.908463093216	  17.0846622901434	  7.22540605066167	  6.90553141528459	  -3.37444048669653	  3.58922777479857	  0	
  -4.25787571940111	  0	  -14.2364459779108	  -4.46135823020253	  -326.065426519679	  239.882114607939	  343.908463093216	  540.381672447828	  27.2937101796629	  11.0372216873385	  12.2222226573241	  -12.6919137423453	  5.78702861782408	  0	
  0.389136518363053	  0	  -3.26557404185297	  -3.89946002335105	  -16.4187544850545	  12.2714566365082	  17.0846622901434	  27.2937101796629	  9.93768273302229	  -0.0911294338768327	  -0.183513734129956	  -1.9619485103626	  -0.478223497030121	  0	
  -0.427041587837991	  0	  -0.00824783431272415	  2.01766102219084	  -6.65773149280581	  4.94355592152423	  7.22540605066167	  11.0372216873385	  -0.0911294338768327	  8.65144780410459	  0.804379177763125	  0.48239869941591	  -2.30735371755026	  0	
  0.338388604727781	  0	  0.949981944449495	  1.66077072176605	  -7.59205807302157	  5.13740142774234	  6.90553141528459	  12.2222226573241	  -0.183513734129956	  0.804379177763125	  7.78037534391479	  5.10414605552495	  0.400313802944918	  0	
  -3.68588057632763	  0	  2.96868633176661	  3.4987831026278	  6.05281133759041	  -2.47853134345526	  -3.37444048669653	  -12.6919137423453	  -1.9619485103626	  0.48239869941591	  5.10414605552495	  29.058692111252	  0.472801686184823	  0	
  -0.0183621624839245	  0	  -1.37926817212934	  0.309848944080088	  -3.0688667925829	  2.71970516356321	  3.58922777479857	  5.78702861782408	  -0.478223497030121	  -2.30735371755026	  0.400313802944918	  0.472801686184823	  10.4923427873064	  0	
  0	  0	  0	  0	  0	  0	  0	  0	  0	  0	  0	  0	  0	  0	
+++ Normalization Integrals +++
  EtaPi
8158	8158
7
EtaPi::Negative::S0-
EtaPi::Negative::P0-
EtaPi::Negative::P1-
EtaPi::Negative::D0-
EtaPi::Negative::D1-
EtaPi::Positive::P1+
EtaPi::Positive::D1+
(0.0795772854596524,0)	(-6.56174355494602e-05,-0)	(-0.00118400288436628,-0)	(0.00208204925502029,-0)	(7.90689036230289e-05,-0)	(0,-0)	(0,-0)	
(-6.56174355494602e-05,0)	(0.0814395269263299,0)	(6.12465093869722e-05,-0)	(0.000649090797353903,-0)	(-0.000847125909599672,-0)	(0,-0)	(0,-0)	
(-0.00118400288436628,0)	(6.12465093869722e-05,0)	(0.0784247873986534,0)	(0.000590122909582101,-0)	(-0.000530112624916407,-0)	(0,-0)	(0,-0)	
(0.00208204925502029,0)	(0.000649090797353903,0)	(0.000590122909582101,0)	(0.0796054929926132,0)	(-0.000361770534184777,-0)	(0,-0)	(0,-0)	
(7.90689036230289e-05,0)	(-0.000847125909599672,0)	(-0.000530112624916407,0)	(-0.000361770534184777,0)	(0.0813477370926263,0)	(0,-0)	(0,-0)	
(0,0)	(0,0)	(0,0)	(0,0)	(0,0)	(0.0788675420539326,0)	(-0.000388816358314428,-0)	
(0,0)	(0,0)	(0,0)	(0,0)	(0,0)	(-0.000388816358314428,0)	(0.0808729595605032,0)	
(0.0795772854596524,0)	(-6.56174355494602e-05,-0)	(-0.00118400288436628,-0)	(0.00208204925502029,-0)	(7.90689036230289e-05,-0)	(0,-0)	(0,-0)	
(-6.56174355494602e-05,0)	(0.0814395269263299,0)	(6.12465093869722e-05,-0)	(0.000649090797353903,-0)	(-0.000847125909599672,-0)	(0,-0)	(0,-0)	
(-0.00118400288436628,0)	(6.12465093869722e-05,0)	(0.0784247873986534,0)	(0.000590122909582101,-0)	(-0.000530112624916407,-0)	(0,-0)	(0,-0)	
(0.00208204925502029,0)	(0.000649090797353903,0)	(0.000590122909582101,0)	(0.0796054929926132,0)	(-0.000361770534184777,-0)	(0,-0)	(0,-0)	
(7.90689036230289e-05,0)	(-0.000847125909599672,0)	(-0.000530112624916407,0)	(-0.000361770534184777,0)	(0.0813477370926263,0)	(0,-0)	(0,-0)	
(0,0)	(0,0)	(0,0)	(0,0)	(0,0)	(0.0788675420539326,0)	(-0.000388816358314428,-0)	
(0,0)	(0,0)	(0,0)	(0,0)	(0,0)	(-0.000388816358314428,0)	(0.0808729595605032,0)	
+++ Below these two lines is a config file that is   +++
+++ functionally equivalent to that used in the fit. +++
### FIT CONFIGURATION ###
fit bin_22
reaction EtaPi gamma Proton Pi0 Eta
sum EtaPi::Positive
sum EtaPi::Negative
amplitude EtaPi::Negative::S0- TwoPSAngles 0 0 -1
amplitude EtaPi::Negative::P0- TwoPSAngles 1 0 -1
amplitude EtaPi::Negative::P1- TwoPSAngles 1 1 -1
amplitude EtaPi::Negative::D0- TwoPSAngles 2 0 -1
amplitude EtaPi::Negative::D1- TwoPSAngles 2 1 -1
amplitude EtaPi::Positive::P1+ TwoPSAngles 1 1 1
amplitude EtaPi::Positive::D1+ TwoPSAngles 2 1 1
scale EtaPi::Negative::S0- 1.0
scale EtaPi::Negative::P0- 1.0
scale EtaPi::Negative::P1- 1.0
scale EtaPi::Negative::D0- 1.0
scale EtaPi::Negative::D1- 1.0
scale EtaPi::Positive::P1+ 1.0
scale EtaPi::Positive::D1+ 1.0
initialize EtaPi::Negative::S0- cartesian 124.536323492 0 real
initialize EtaPi::Negative::P0- cartesian 32.85056666 18.2628264985
initialize EtaPi::Negative::P1- cartesian 27.0518365117 50.6159116262
initialize EtaPi::Negative::D0- cartesian 227.966846089 35.585016363
initialize EtaPi::Negative::D1- cartesian 25.6999244227 -13.2998163459
initialize EtaPi::Positive::P1+ cartesian 25.6186304946 -27.7080897438
initialize EtaPi::Positive::D1+ cartesian 31.7060034254 0 real
data EtaPi ROOTDataReader data_pi0eta_tLT1_22.root
genmc EtaPi ROOTDataReader thrown_pi0eta_tLT1_22.root
accmc EtaPi ROOTDataReader reco_pi0eta_tLT1_22.root
normintfile EtaPi bin_22.ni
