*** DO NOT EDIT THIS FILE - IT IS FORMATTED FOR INPUT ***
+++ Reactions, Amplitudes, and Scale Parameters +++
  1
  EtaPi	7
  EtaPi::Negative::S0-	-	1
  EtaPi::Negative::P0-	-	1
  EtaPi::Negative::P1-	-	1
  EtaPi::Negative::D0-	-	1
  EtaPi::Negative::D1-	-	1
  EtaPi::Positive::P1+	-	1
  EtaPi::Positive::D1+	-	1
+++ Likelihood Total and Partial Sums +++
  -14390.6777211442
  EtaPi	-14390.6777211442
+++ Fitter Information +++
  lastMinuitCommand	1
  lastMinuitCommandStatus	0
  eMatrixStatus	3
  minuitPrecision	1e-13
  minuitStrategy	1
  estDistToMinimum	6.54197071735783e-05
  bestMinimum	-14390.6777211442
+++ Parameter Values and Errors +++
  14
  EtaPi::Negative::S0-_re	-6.97805456330804
  EtaPi::Negative::S0-_im	0
  EtaPi::Negative::P0-_re	2.37675956693125
  EtaPi::Negative::P0-_im	-0.717216286398595
  EtaPi::Negative::P1-_re	-8.67887330161769
  EtaPi::Negative::P1-_im	3.49325816565894
  EtaPi::Negative::D0-_re	42.0405331531874
  EtaPi::Negative::D0-_im	107.392642458853
  EtaPi::Negative::D1-_re	-12.2970155206937
  EtaPi::Negative::D1-_im	1.51508778578339
  EtaPi::Positive::P1+_re	-6.46802749044337
  EtaPi::Positive::P1+_im	-0.0621844224493466
  EtaPi::Positive::D1+_re	17.1115161383677
  EtaPi::Positive::D1+_im	0
  49.9568625478245	  0	  -27.000109197338	  2.23026855431471	  6.97292997071025	  21.5285534347787	  297.157805604146	  -115.420887220044	  -2.29647953936847	  35.8959787228351	  -8.3257249193728	  3.25683416587576	  8.18157771137743	  0	
  0	  0	  0	  0	  0	  0	  0	  0	  0	  0	  0	  0	  0	  0	
  -27.000109197338	  0	  62.2302112608636	  -16.5845976260684	  -14.8335571676468	  -10.6184043664374	  -203.265663081829	  77.3089662620036	  -1.68292171052382	  -22.2964368245084	  12.8397668787863	  19.6535251886943	  -7.76740887556521	  0	
  2.23026855431471	  0	  -16.5845976260684	  10.0407627768923	  2.51461999851238	  -1.20252708537783	  -1.216206822197	  0.97822359871964	  1.08432790768683	  -0.894760704490773	  -4.60502543397887	  1.53727097908129	  0.652934845331161	  0	
  6.97292997071025	  0	  -14.8335571676468	  2.51461999851238	  32.6250406755167	  -3.63970627770856	  109.241687317113	  -40.2061519890095	  -3.79296970160331	  14.3647128313825	  2.61151287338436	  -16.3922849873303	  2.988301826882	  0	
  21.5285534347787	  0	  -10.6184043664374	  -1.20252708537783	  -3.63970627770856	  24.2505396369	  213.363154214645	  -83.7029436516608	  1.76880205764047	  24.2051337841813	  -3.22875609844614	  -26.632978487466	  6.65476741598481	  0	
  297.157805604146	  0	  -203.265663081829	  -1.216206822197	  109.241687317113	  213.363154214645	  3016.58874642003	  -1167.8475597576	  -2.71900072229893	  353.659395407203	  -28.0034521891188	  -362.7947777191	  89.6762760922054	  0	
  -115.420887220044	  0	  77.3089662620036	  0.97822359871964	  -40.2061519890095	  -83.7029436516608	  -1167.8475597576	  456.367504546919	  1.95417994376244	  -137.52172742985	  11.5854847260459	  130.544103483089	  -35.4531383444492	  0	
  -2.29647953936847	  0	  -1.68292171052382	  1.08432790768683	  -3.79296970160331	  1.76880205764047	  -2.71900072229893	  1.95417994376244	  17.8295941208928	  -6.26484191706321	  0.623332256177481	  -5.5639223942362	  2.94465675672368	  0	
  35.8959787228351	  0	  -22.2964368245084	  -0.894760704490773	  14.3647128313825	  24.2051337841813	  353.659395407203	  -137.52172742985	  -6.26484191706321	  48.457853282836	  -3.33555065567611	  -39.2106488493944	  9.42576529681914	  0	
  -8.3257249193728	  0	  12.8397668787863	  -4.60502543397887	  2.61151287338436	  -3.22875609844614	  -28.0034521891188	  11.5854847260459	  0.623332256177481	  -3.33555065567611	  27.6048347819162	  -23.7425875741309	  5.02001681348252	  0	
  3.25683416587576	  0	  19.6535251886943	  1.53727097908129	  -16.3922849873303	  -26.632978487466	  -362.7947777191	  130.544103483089	  -5.5639223942362	  -39.2106488493944	  -23.7425875741309	  1374.82335043002	  -95.2628888398578	  0	
  8.18157771137743	  0	  -7.76740887556521	  0.652934845331161	  2.988301826882	  6.65476741598481	  89.6762760922054	  -35.4531383444492	  2.94465675672368	  9.42576529681914	  5.02001681348252	  -95.2628888398578	  23.4764768072917	  0	
  0	  0	  0	  0	  0	  0	  0	  0	  0	  0	  0	  0	  0	  0	
+++ Normalization Integrals +++
  EtaPi
8414	8414
7
EtaPi::Negative::S0-
EtaPi::Negative::P0-
EtaPi::Negative::P1-
EtaPi::Negative::D0-
EtaPi::Negative::D1-
EtaPi::Positive::P1+
EtaPi::Positive::D1+
(0.0795772854596528,0)	(-0.00087817220304631,-0)	(0.000807907870876046,-0)	(0.000995112974971914,-0)	(6.44829083314019e-05,-0)	(0,-0)	(0,-0)	
(-0.00087817220304631,0)	(0.0804673415625696,0)	(4.99482460165075e-05,-0)	(0.000175250725795151,-0)	(0.00153978081340501,-0)	(0,-0)	(0,-0)	
(0.000807907870876046,0)	(4.99482460165075e-05,0)	(0.0785560757326074,0)	(0.000430220841250639,-0)	(-0.00184156648332962,-0)	(0,-0)	(0,-0)	
(0.000995112974971914,0)	(0.000175250725795151,0)	(0.000430220841250639,0)	(0.0801539755169827,0)	(0.000813201129271448,-0)	(0,-0)	(0,-0)	
(6.44829083314019e-05,0)	(0.00153978081340501,0)	(-0.00184156648332962,0)	(0.000813201129271448,0)	(0.0791030230371069,0)	(0,-0)	(0,-0)	
(0,0)	(0,0)	(0,0)	(0,0)	(0,0)	(0.0797084390837381,0)	(-0.000628226502431145,-0)	
(0,0)	(0,0)	(0,0)	(0,0)	(0,0)	(-0.000628226502431145,0)	(0.0807660546439295,0)	
(0.0795772854596528,0)	(-0.00087817220304631,-0)	(0.000807907870876046,-0)	(0.000995112974971914,-0)	(6.44829083314019e-05,-0)	(0,-0)	(0,-0)	
(-0.00087817220304631,0)	(0.0804673415625696,0)	(4.99482460165075e-05,-0)	(0.000175250725795151,-0)	(0.00153978081340501,-0)	(0,-0)	(0,-0)	
(0.000807907870876046,0)	(4.99482460165075e-05,0)	(0.0785560757326074,0)	(0.000430220841250639,-0)	(-0.00184156648332962,-0)	(0,-0)	(0,-0)	
(0.000995112974971914,0)	(0.000175250725795151,0)	(0.000430220841250639,0)	(0.0801539755169827,0)	(0.000813201129271448,-0)	(0,-0)	(0,-0)	
(6.44829083314019e-05,0)	(0.00153978081340501,0)	(-0.00184156648332962,0)	(0.000813201129271448,0)	(0.0791030230371069,0)	(0,-0)	(0,-0)	
(0,0)	(0,0)	(0,0)	(0,0)	(0,0)	(0.0797084390837381,0)	(-0.000628226502431145,-0)	
(0,0)	(0,0)	(0,0)	(0,0)	(0,0)	(-0.000628226502431145,0)	(0.0807660546439295,0)	
+++ Below these two lines is a config file that is   +++
+++ functionally equivalent to that used in the fit. +++
### FIT CONFIGURATION ###
fit bin_40
reaction EtaPi gamma Proton Pi0 Eta
sum EtaPi::Positive
sum EtaPi::Negative
amplitude EtaPi::Negative::S0- TwoPSAngles 0 0 -1
amplitude EtaPi::Negative::P0- TwoPSAngles 1 0 -1
amplitude EtaPi::Negative::P1- TwoPSAngles 1 1 -1
amplitude EtaPi::Negative::D0- TwoPSAngles 2 0 -1
amplitude EtaPi::Negative::D1- TwoPSAngles 2 1 -1
amplitude EtaPi::Positive::P1+ TwoPSAngles 1 1 1
amplitude EtaPi::Positive::D1+ TwoPSAngles 2 1 1
scale EtaPi::Negative::S0- 1.0
scale EtaPi::Negative::P0- 1.0
scale EtaPi::Negative::P1- 1.0
scale EtaPi::Negative::D0- 1.0
scale EtaPi::Negative::D1- 1.0
scale EtaPi::Positive::P1+ 1.0
scale EtaPi::Positive::D1+ 1.0
initialize EtaPi::Negative::S0- cartesian 122.507522281 0 real
initialize EtaPi::Negative::P0- cartesian 66.9160427472 25.4533119081
initialize EtaPi::Negative::P1- cartesian 29.4923610838 5.82012467054
initialize EtaPi::Negative::D0- cartesian 161.85358651 58.4536101546
initialize EtaPi::Negative::D1- cartesian -5.8291432009 23.1215715194
initialize EtaPi::Positive::P1+ cartesian 44.0615218514 -18.3036927692
initialize EtaPi::Positive::D1+ cartesian 96.920118029 0 real
data EtaPi ROOTDataReader data_pi0eta_tLT1_40.root
genmc EtaPi ROOTDataReader thrown_pi0eta_tLT1_40.root
accmc EtaPi ROOTDataReader reco_pi0eta_tLT1_40.root
normintfile EtaPi bin_40.ni
