
## CONFIGURATION INFO DISPLAY ##

############################################
#############   REACTION INFO  #############
############################################
      REACTION NAME:  EtaPi
      PARTICLE LIST:  4
		1.  gamma
		2.  Proton
		3.  Pi0
		4.  Eta
        DATA READER:  ROOTDataReader
				data_pi0eta_tLT1_40.root
      ACC MC READER:  ROOTDataReader
				reco_pi0eta_tLT1_40.root
      GEN MC READER:  ROOTDataReader
				thrown_pi0eta_tLT1_40.root
  NORMALIZATION INTEGRAL FILE: 
		    bin_40.ni
********************************************
***********  COHERENT SUM INFO  ************
********************************************
      REACTION NAME:  EtaPi
  COHERENT SUM NAME:  Positive
++++++++++++++++++++++++++++++++++++++++++++
+++++++++++++  AMPLITUDE INFO  +++++++++++++
++++++++++++++++++++++++++++++++++++++++++++
      REACTION NAME:  EtaPi
  COHERENT SUM NAME:  Positive
     AMPLITUDE NAME:  P1+
            FACTORS:  1
		1.   TwoPSAngles 1 1 1
       PERMUTATIONS:  0
        CONSTRAINTS:  0
         PARAMETERS:  0
      INITIAL VALUE:  (44.0615,-18.3037)
               REAL?  0
              FIXED?  0
              SCALE:  1.0
++++++++++++++++++++++++++++++++++++++++++++
+++++++++++++  AMPLITUDE INFO  +++++++++++++
++++++++++++++++++++++++++++++++++++++++++++
      REACTION NAME:  EtaPi
  COHERENT SUM NAME:  Positive
     AMPLITUDE NAME:  D1+
            FACTORS:  1
		1.   TwoPSAngles 2 1 1
       PERMUTATIONS:  0
        CONSTRAINTS:  0
         PARAMETERS:  0
      INITIAL VALUE:  (96.9201,0)
               REAL?  1
              FIXED?  0
              SCALE:  1.0
********************************************
***********  COHERENT SUM INFO  ************
********************************************
      REACTION NAME:  EtaPi
  COHERENT SUM NAME:  Negative
++++++++++++++++++++++++++++++++++++++++++++
+++++++++++++  AMPLITUDE INFO  +++++++++++++
++++++++++++++++++++++++++++++++++++++++++++
      REACTION NAME:  EtaPi
  COHERENT SUM NAME:  Negative
     AMPLITUDE NAME:  S0-
            FACTORS:  1
		1.   TwoPSAngles 0 0 -1
       PERMUTATIONS:  0
        CONSTRAINTS:  0
         PARAMETERS:  0
      INITIAL VALUE:  (122.508,0)
               REAL?  1
              FIXED?  0
              SCALE:  1.0
++++++++++++++++++++++++++++++++++++++++++++
+++++++++++++  AMPLITUDE INFO  +++++++++++++
++++++++++++++++++++++++++++++++++++++++++++
      REACTION NAME:  EtaPi
  COHERENT SUM NAME:  Negative
     AMPLITUDE NAME:  P0-
            FACTORS:  1
		1.   TwoPSAngles 1 0 -1
       PERMUTATIONS:  0
        CONSTRAINTS:  0
         PARAMETERS:  0
      INITIAL VALUE:  (66.916,25.4533)
               REAL?  0
              FIXED?  0
              SCALE:  1.0
++++++++++++++++++++++++++++++++++++++++++++
+++++++++++++  AMPLITUDE INFO  +++++++++++++
++++++++++++++++++++++++++++++++++++++++++++
      REACTION NAME:  EtaPi
  COHERENT SUM NAME:  Negative
     AMPLITUDE NAME:  P1-
            FACTORS:  1
		1.   TwoPSAngles 1 1 -1
       PERMUTATIONS:  0
        CONSTRAINTS:  0
         PARAMETERS:  0
      INITIAL VALUE:  (29.4924,5.82012)
               REAL?  0
              FIXED?  0
              SCALE:  1.0
++++++++++++++++++++++++++++++++++++++++++++
+++++++++++++  AMPLITUDE INFO  +++++++++++++
++++++++++++++++++++++++++++++++++++++++++++
      REACTION NAME:  EtaPi
  COHERENT SUM NAME:  Negative
     AMPLITUDE NAME:  D0-
            FACTORS:  1
		1.   TwoPSAngles 2 0 -1
       PERMUTATIONS:  0
        CONSTRAINTS:  0
         PARAMETERS:  0
      INITIAL VALUE:  (161.854,58.4536)
               REAL?  0
              FIXED?  0
              SCALE:  1.0
++++++++++++++++++++++++++++++++++++++++++++
+++++++++++++  AMPLITUDE INFO  +++++++++++++
++++++++++++++++++++++++++++++++++++++++++++
      REACTION NAME:  EtaPi
  COHERENT SUM NAME:  Negative
     AMPLITUDE NAME:  D1-
            FACTORS:  1
		1.   TwoPSAngles 2 1 -1
       PERMUTATIONS:  0
        CONSTRAINTS:  0
         PARAMETERS:  0
      INITIAL VALUE:  (-5.82914,23.1216)
               REAL?  0
              FIXED?  0
              SCALE:  1.0
 **********
 **    1 **SET STRATEGY  1
 **********
 NOW USING STRATEGY  1: TRY TO BALANCE SPEED AGAINST RELIABILITY
 **********
 **    2 **SET EPS  1e-13
 **********
 FLOATING-POINT NUMBERS ASSUMED ACCURATE TO 1e-13

## AMPLITUDE MANAGER INITIALIZATION ##
 Creating amplitude manager for reaction:  EtaPi
	 particle index assignment:  gamma -->> 0
	 particle index assignment:  Proton -->> 1
	 particle index assignment:  Pi0 -->> 2
	 particle index assignment:  Eta -->> 3
 PARAMETER DEFINITIONS:
    NO.   NAME                 VALUE      STEP SIZE      LIMITS
     1 EtaPi::Negative::S0-_re       122.51       1.2251     no limits
     2 EtaPi::Negative::P0-_re       66.916      0.66916     no limits
     3 EtaPi::Negative::P0-_im       25.453      0.25453     no limits
     4 EtaPi::Negative::P1-_re       29.492      0.29492     no limits
     5 EtaPi::Negative::P1-_im       5.8201     0.058201     no limits
     6 EtaPi::Negative::D0-_re       161.85       1.6185     no limits
     7 EtaPi::Negative::D0-_im       58.454      0.58454     no limits
     8 EtaPi::Negative::D1-_re      -5.8291     0.058291     no limits
     9 EtaPi::Negative::D1-_im       23.122      0.23122     no limits
    10 EtaPi::Positive::P1+_re       44.062      0.44062     no limits
    11 EtaPi::Positive::P1+_im      -18.304      0.18304     no limits
    12 EtaPi::Positive::D1+_re        96.92       0.9692     no limits
Allocating Data and Amplitude Array in LikelihoodCalculator for EtaPi...
Resetting source kin in data_pi0eta_tLT1_40.root
	Done.
Loading acccepted Monte Carlo...
Resetting source kin in reco_pi0eta_tLT1_40.root
	Done.
Calculating integrals...
	Done.
LIKELIHOOD BEFORE MINIMIZATION:  -8499.1
 **********
 **    3 **MIGRAD 5000
 **********
 FIRST CALL TO USER FUNCTION AT NEW START POINT, WITH IFLAG=4.
 START MIGRAD MINIMIZATION.  STRATEGY 1.  CONVERGENCE WHEN EDM .LT. 1.00e-04
 FCN=-8499.07 FROM MIGRAD     STATUS=INITIATE       46          47 TOTAL

                     EDM= unknown      STRATEGY= 1      NO ERROR MATRIX       
  EXT PARAMETER                          CURRENT GUESS       STEP         FIRST   
  NO.   NAME                   VALUE          ERROR          SIZE      DERIVATIVE 
    1 EtaPi::Negative::S0-_re        122.51        1.2251        1.2251         37.38
    2 EtaPi::Negative::P0-_re        66.916       0.66916       0.66916        22.455
    3 EtaPi::Negative::P0-_im        25.453       0.25453       0.25453        7.6079
    4 EtaPi::Negative::P1-_re        29.492       0.29492       0.29492        5.1059
    5 EtaPi::Negative::P1-_im        5.8201      0.058201      0.058201         5.669
    6 EtaPi::Negative::D0-_re        161.85        1.6185        1.6185        37.095
    7 EtaPi::Negative::D0-_im        58.454       0.58454       0.58454        5.7723
    8 EtaPi::Negative::D1-_re       -5.8291      0.058291      0.058291         -1.32
    9 EtaPi::Negative::D1-_im        23.122       0.23122       0.23122        5.2923
   10 EtaPi::Positive::P1+_re        44.062       0.44062       0.44062         8.564
   11 EtaPi::Positive::P1+_im       -18.304       0.18304       0.18304       -1.6584
   12 EtaPi::Positive::D1+_re         96.92        0.9692        0.9692        25.699

 MIGRAD FAILS TO FIND IMPROVEMENT
 MIGRAD MINIMIZATION HAS CONVERGED.
 MIGRAD WILL VERIFY CONVERGENCE AND ERROR MATRIX.
 COVARIANCE MATRIX CALCULATED SUCCESSFULLY
 FCN=-14390.7 FROM MIGRAD     STATUS=CONVERGED    1602        1603 TOTAL

                     EDM=6.54197e-05    STRATEGY= 1      ERROR MATRIX ACCURATE 
  EXT PARAMETER                                              STEP         FIRST   
  NO.   NAME                   VALUE          ERROR          SIZE      DERIVATIVE 
    1 EtaPi::Negative::S0-_re       -6.9781         7.068       0.54848    0.00052293
    2 EtaPi::Negative::P0-_re        2.3768        7.8886       0.58934    0.00057266
    3 EtaPi::Negative::P0-_im      -0.71722        3.1687       0.27853   -8.2836e-06
    4 EtaPi::Negative::P1-_re       -8.6789        5.7118        0.4892   -0.00071767
    5 EtaPi::Negative::P1-_im        3.4933        4.9245       0.28816    -0.0004394
    6 EtaPi::Negative::D0-_re        42.041        54.923       0.63969    0.00094185
    7 EtaPi::Negative::D0-_im        107.39        21.363       0.25949     0.0029308
    8 EtaPi::Negative::D1-_re       -12.297        4.2225       0.46633   -0.00015313
    9 EtaPi::Negative::D1-_im        1.5151        6.9612       0.29984    0.00082184
   10 EtaPi::Positive::P1+_re        -6.468         5.254       0.61889    0.00014444
   11 EtaPi::Positive::P1+_im     -0.062184        37.079        4.0086   -7.8378e-05
   12 EtaPi::Positive::D1+_re        17.112        4.8453       0.48908    0.00097114

 EXTERNAL ERROR MATRIX.    NDIM= 100    NPAR= 12    ERR DEF=1
          50
         -27       62.2
        2.23      -16.6         10
        6.97      -14.8       2.51       32.6
        21.5      -10.6       -1.2      -3.64       24.3
         297       -203      -1.22        109        213   3.02e+03
        -115       77.3      0.978      -40.2      -83.7  -1.17e+03        456
        -2.3      -1.68       1.08      -3.79       1.77      -2.72       1.95       17.8
        35.9      -22.3     -0.895       14.4       24.2        354       -138      -6.26       48.5
       -8.33       12.8      -4.61       2.61      -3.23        -28       11.6      0.623      -3.34       27.6
        3.26       19.7       1.54      -16.4      -26.6       -363        131      -5.56      -39.2      -23.7   1.37e+03
        8.18      -7.77      0.653       2.99       6.65       89.7      -35.5       2.94       9.43       5.02      -95.3
        23.5
 PARAMETER  CORRELATION COEFFICIENTS  
       NO.  GLOBAL      1      2      3      4      5      6      7      8      9     10     11     12
      1:     0.818  1.000 -0.484  0.100  0.173  0.619  0.765 -0.764 -0.077  0.730 -0.224  0.012  0.239
      2:     0.833 -0.484  1.000 -0.663 -0.329 -0.273 -0.469  0.459 -0.051 -0.406  0.310  0.067 -0.203
      3:     0.759  0.100 -0.663  1.000  0.139 -0.077 -0.007  0.014  0.081 -0.041 -0.277  0.013  0.043
      4:     0.773  0.173 -0.329  0.139  1.000 -0.129  0.348 -0.330 -0.157  0.361  0.087 -0.077  0.108
      5:     0.901  0.619 -0.273 -0.077 -0.129  1.000  0.789 -0.796  0.085  0.706 -0.125 -0.146  0.279
      6:     0.996  0.765 -0.469 -0.007  0.348  0.789  1.000 -0.995 -0.012  0.925 -0.097 -0.178  0.337
      7:     0.996 -0.764  0.459  0.014 -0.330 -0.796 -0.995  1.000  0.022 -0.925  0.103  0.165 -0.343
      8:     0.574 -0.077 -0.051  0.081 -0.157  0.085 -0.012  0.022  1.000 -0.213  0.028 -0.036  0.144
      9:     0.948  0.730 -0.406 -0.041  0.361  0.706  0.925 -0.925 -0.213  1.000 -0.091 -0.152  0.279
     10:     0.488 -0.224  0.310 -0.277  0.087 -0.125 -0.097  0.103  0.028 -0.091  1.000 -0.122  0.197
     11:     0.605  0.012  0.067  0.013 -0.077 -0.146 -0.178  0.165 -0.036 -0.152 -0.122  1.000 -0.530
     12:     0.664  0.239 -0.203  0.043  0.108  0.279  0.337 -0.343  0.144  0.279  0.197 -0.530  1.000

 MIGRAD evaluation total wall time:  0.2296 s.
    average time per function call:  0.14314 ms.

LIKELIHOOD AFTER MINIMIZATION:  -14391
Loading generated Monte Carlo...
Resetting source kin in thrown_pi0eta_tLT1_40.root
	Done.
Calculating integrals...
	Done.
Loading acccepted Monte Carlo...
Resetting source kin in reco_pi0eta_tLT1_40.root
	Done.
Calculating integrals...
	Done.
