*** DO NOT EDIT THIS FILE - IT IS FORMATTED FOR INPUT ***
+++ Reactions, Amplitudes, and Scale Parameters +++
  1
  EtaPi	7
  EtaPi::Negative::S0-	-	1
  EtaPi::Negative::P0-	-	1
  EtaPi::Negative::P1-	-	1
  EtaPi::Negative::D0-	-	1
  EtaPi::Negative::D1-	-	1
  EtaPi::Positive::P1+	-	1
  EtaPi::Positive::D1+	-	1
+++ Likelihood Total and Partial Sums +++
  -42242.5335579041
  EtaPi	-42242.5335579041
+++ Fitter Information +++
  lastMinuitCommand	1
  lastMinuitCommandStatus	0
  eMatrixStatus	3
  minuitPrecision	1e-13
  minuitStrategy	1
  estDistToMinimum	0.000182963627572615
  bestMinimum	-42242.5335579041
+++ Parameter Values and Errors +++
  14
  EtaPi::Negative::S0-_re	-7.74267924640351
  EtaPi::Negative::S0-_im	0
  EtaPi::Negative::P0-_re	11.2482091761645
  EtaPi::Negative::P0-_im	-1.41779187037433
  EtaPi::Negative::P1-_re	27.7741039377838
  EtaPi::Negative::P1-_im	-3.68160297575706
  EtaPi::Negative::D0-_re	3.96524297381794
  EtaPi::Negative::D0-_im	183.721507505156
  EtaPi::Negative::D1-_re	10.3350582439536
  EtaPi::Negative::D1-_im	1.69518414183617
  EtaPi::Positive::P1+_re	18.2170465625901
  EtaPi::Positive::P1+_im	16.7453439297477
  EtaPi::Positive::D1+_re	-12.0841831105426
  EtaPi::Positive::D1+_im	0
  106.271514836019	  0	  -79.1669097674538	  21.8702750609797	  59.6790154254613	  66.0827833570621	  -383.696156967643	  3.27134071274869	  -40.373180943001	  23.4552769757459	  277.92385633121	  -94.7545806426462	  137.45628178519	  0	
  0	  0	  0	  0	  0	  0	  0	  0	  0	  0	  0	  0	  0	  0	
  -79.1669097674538	  0	  100.116262554193	  -21.765262682111	  -56.1244428812404	  -57.3195536531024	  338.098323340262	  -4.05325065112033	  33.2374510755524	  -22.2441353143473	  -247.757548082543	  92.0384028138079	  -115.618513798363	  0	
  21.8702750609797	  0	  -21.765262682111	  34.430371469233	  33.2455690442764	  73.8308816601127	  -478.612762334589	  4.95949910576306	  -14.8397258123084	  28.4140929145653	  211.762072520287	  -75.2805261804264	  124.389586933091	  0	
  59.6790154254613	  0	  -56.1244428812404	  33.2455690442764	  79.7243663049764	  86.4989179240832	  -555.569508600137	  2.78055429526448	  -34.5491907363383	  33.1161310884433	  305.988938785182	  -121.853700707104	  164.451687297237	  0	
  66.0827833570621	  0	  -57.3195536531024	  73.8308816601127	  86.4989179240832	  191.091334469168	  -1206.34306155354	  11.646873141033	  -39.1769592684983	  70.2589284726601	  554.948778135558	  -199.144577320166	  325.691210705258	  0	
  -383.696156967643	  0	  338.098323340262	  -478.612762334589	  -555.569508600137	  -1206.34306155354	  7816.29960841017	  -74.3229083235232	  242.225754295874	  -454.692506961575	  -3518.47639984752	  1265.67361723617	  -2076.83816614455	  0	
  3.27134071274869	  0	  -4.05325065112033	  4.95949910576306	  2.78055429526448	  11.646873141033	  -74.3229083235232	  5.12020635727963	  -2.2857817558071	  4.49165831446515	  21.7001506683037	  -10.9716112386407	  11.9712961324937	  0	
  -40.373180943001	  0	  33.2374510755524	  -14.8397258123084	  -34.5491907363383	  -39.1769592684983	  242.225754295874	  -2.2857817558071	  35.4478517921559	  -14.8930072181714	  -146.041572119243	  45.3925003858224	  -80.7712978957093	  0	
  23.4552769757459	  0	  -22.2441353143473	  28.4140929145653	  33.1161310884433	  70.2589284726601	  -454.692506961575	  4.49165831446515	  -14.8930072181714	  31.202022411566	  204.971991067272	  -73.7571421275147	  120.222030738349	  0	
  277.92385633121	  0	  -247.757548082543	  211.762072520287	  305.988938785182	  554.948778135558	  -3518.47639984752	  21.7001506683037	  -146.041572119243	  204.971991067272	  1776.84816760824	  -643.964012925432	  998.737347579055	  0	
  -94.7545806426462	  0	  92.0384028138079	  -75.2805261804264	  -121.853700707104	  -199.144577320166	  1265.67361723617	  -10.9716112386407	  45.3925003858224	  -73.7571421275147	  -643.964012925432	  354.470546510128	  -317.150599337985	  0	
  137.45628178519	  0	  -115.618513798363	  124.389586933091	  164.451687297237	  325.691210705258	  -2076.83816614455	  11.9712961324937	  -80.7712978957093	  120.222030738349	  998.737347579055	  -317.150599337985	  614.822466398261	  0	
  0	  0	  0	  0	  0	  0	  0	  0	  0	  0	  0	  0	  0	  0	
+++ Normalization Integrals +++
  EtaPi
8371	8371
7
EtaPi::Negative::S0-
EtaPi::Negative::P0-
EtaPi::Negative::P1-
EtaPi::Negative::D0-
EtaPi::Negative::D1-
EtaPi::Positive::P1+
EtaPi::Positive::D1+
(0.0795772854596527,0)	(-0.000726848620059927,-0)	(0.000622544491629675,-0)	(0.000501747950200944,-0)	(-0.000461315007982895,-0)	(0,-0)	(0,-0)	
(-0.000726848620059927,0)	(0.0800260624693264,0)	(-0.000357333068654661,-0)	(-0.00101953394950251,-0)	(0.00127471112988281,-0)	(0,-0)	(0,-0)	
(0.000622544491629675,0)	(-0.000357333068654661,0)	(0.0790685736209304,0)	(0.000407906319814279,-0)	(-0.000947457712073754,-0)	(0,-0)	(0,-0)	
(0.000501747950200944,0)	(-0.00101953394950251,0)	(0.000407906319814279,0)	(0.0802611809872149,0)	(0.000141631829900223,-0)	(0,-0)	(0,-0)	
(-0.000461315007982895,0)	(0.00127471112988281,0)	(-0.000947457712073754,0)	(0.000141631829900223,0)	(0.0788170584688988,0)	(0,-0)	(0,-0)	
(0,0)	(0,0)	(0,0)	(0,0)	(0,0)	(0.0796372202886576,0)	(0.000247999045322928,-0)	
(0,0)	(0,0)	(0,0)	(0,0)	(0,0)	(0.000247999045322928,0)	(0.0801736134297564,0)	
(0.0795772854596527,0)	(-0.000726848620059927,-0)	(0.000622544491629675,-0)	(0.000501747950200944,-0)	(-0.000461315007982895,-0)	(0,-0)	(0,-0)	
(-0.000726848620059927,0)	(0.0800260624693264,0)	(-0.000357333068654661,-0)	(-0.00101953394950251,-0)	(0.00127471112988281,-0)	(0,-0)	(0,-0)	
(0.000622544491629675,0)	(-0.000357333068654661,0)	(0.0790685736209304,0)	(0.000407906319814279,-0)	(-0.000947457712073754,-0)	(0,-0)	(0,-0)	
(0.000501747950200944,0)	(-0.00101953394950251,0)	(0.000407906319814279,0)	(0.0802611809872149,0)	(0.000141631829900223,-0)	(0,-0)	(0,-0)	
(-0.000461315007982895,0)	(0.00127471112988281,0)	(-0.000947457712073754,0)	(0.000141631829900223,0)	(0.0788170584688988,0)	(0,-0)	(0,-0)	
(0,0)	(0,0)	(0,0)	(0,0)	(0,0)	(0.0796372202886576,0)	(0.000247999045322928,-0)	
(0,0)	(0,0)	(0,0)	(0,0)	(0,0)	(0.000247999045322928,0)	(0.0801736134297564,0)	
+++ Below these two lines is a config file that is   +++
+++ functionally equivalent to that used in the fit. +++
### FIT CONFIGURATION ###
fit bin_36
reaction EtaPi gamma Proton Pi0 Eta
sum EtaPi::Positive
sum EtaPi::Negative
amplitude EtaPi::Negative::S0- TwoPSAngles 0 0 -1
amplitude EtaPi::Negative::P0- TwoPSAngles 1 0 -1
amplitude EtaPi::Negative::P1- TwoPSAngles 1 1 -1
amplitude EtaPi::Negative::D0- TwoPSAngles 2 0 -1
amplitude EtaPi::Negative::D1- TwoPSAngles 2 1 -1
amplitude EtaPi::Positive::P1+ TwoPSAngles 1 1 1
amplitude EtaPi::Positive::D1+ TwoPSAngles 2 1 1
scale EtaPi::Negative::S0- 1.0
scale EtaPi::Negative::P0- 1.0
scale EtaPi::Negative::P1- 1.0
scale EtaPi::Negative::D0- 1.0
scale EtaPi::Negative::D1- 1.0
scale EtaPi::Positive::P1+ 1.0
scale EtaPi::Positive::D1+ 1.0
initialize EtaPi::Negative::S0- cartesian 122.507522281 0 real
initialize EtaPi::Negative::P0- cartesian 66.9160427472 25.4533119081
initialize EtaPi::Negative::P1- cartesian 29.4923610838 5.82012467054
initialize EtaPi::Negative::D0- cartesian 161.85358651 58.4536101546
initialize EtaPi::Negative::D1- cartesian -5.8291432009 23.1215715194
initialize EtaPi::Positive::P1+ cartesian 44.0615218514 -18.3036927692
initialize EtaPi::Positive::D1+ cartesian 96.920118029 0 real
data EtaPi ROOTDataReader data_pi0eta_tLT1_36.root
genmc EtaPi ROOTDataReader thrown_pi0eta_tLT1_36.root
accmc EtaPi ROOTDataReader reco_pi0eta_tLT1_36.root
normintfile EtaPi bin_36.ni
