*** DO NOT EDIT THIS FILE - IT IS FORMATTED FOR INPUT ***
+++ Reactions, Amplitudes, and Scale Parameters +++
  1
  EtaPi	7
  EtaPi::Negative::S0-	-	1
  EtaPi::Negative::P0-	-	1
  EtaPi::Negative::P1-	-	1
  EtaPi::Negative::D0-	-	1
  EtaPi::Negative::D1-	-	1
  EtaPi::Positive::P1+	-	1
  EtaPi::Positive::D1+	-	1
+++ Likelihood Total and Partial Sums +++
  -33762.1250972853
  EtaPi	-33762.1250972853
+++ Fitter Information +++
  lastMinuitCommand	1
  lastMinuitCommandStatus	0
  eMatrixStatus	3
  minuitPrecision	1e-13
  minuitStrategy	1
  estDistToMinimum	3.24527287638437e-06
  bestMinimum	-33762.1250972853
+++ Parameter Values and Errors +++
  14
  EtaPi::Negative::S0-_re	167.205674305067
  EtaPi::Negative::S0-_im	0
  EtaPi::Negative::P0-_re	-7.31396352986857
  EtaPi::Negative::P0-_im	13.3640840793575
  EtaPi::Negative::P1-_re	-2.46950098125535
  EtaPi::Negative::P1-_im	-2.27287719258526
  EtaPi::Negative::D0-_re	-6.96614714090244
  EtaPi::Negative::D0-_im	44.747178792259
  EtaPi::Negative::D1-_re	-1.60731183617315
  EtaPi::Negative::D1-_im	-6.30452613206513
  EtaPi::Positive::P1+_re	-24.7628940466377
  EtaPi::Positive::P1+_im	-0.00375244710468828
  EtaPi::Positive::D1+_re	-16.4916932794848
  EtaPi::Positive::D1+_im	0
  12.5849595122984	  0	  7.02781753793361	  -7.92478434881225	  -0.570801153154038	  0.297309141645194	  3.18046775812798	  -15.5366741065194	  -0.54473814717922	  3.82260847234214	  20.4560431640592	  5.47759846040556	  15.8101789924321	  0	
  0	  0	  0	  0	  0	  0	  0	  0	  0	  0	  0	  0	  0	  0	
  7.02781753793361	  0	  12.99900799048	  -21.9622529729078	  -0.623664058748549	  3.20347483481514	  2.21177944670299	  -1.70387755223602	  -0.771207486344649	  2.75189338268583	  17.9355930261749	  6.11642849162778	  18.9440009524862	  0	
  -7.92478434881225	  0	  -21.9622529729078	  78.8027730940234	  4.51814133753716	  7.18526310946647	  -1.34961604079461	  -23.1779094854866	  1.81904438046373	  -16.6189234172	  -30.3364124253842	  -6.78133793500801	  -20.0660166581459	  0	
  -0.570801153154038	  0	  -0.623664058748549	  4.51814133753716	  7.92317261845888	  26.863135070866	  0.118877031684288	  -3.04598102863546	  0.543544632966273	  -22.127256155645	  -2.60738233419125	  -0.350619358967122	  -0.440576256712434	  0	
  0.297309141645194	  0	  3.20347483481514	  7.18526310946647	  26.863135070866	  179.058788427409	  0.265278251096748	  -10.7925002364099	  -0.94171213748985	  -106.614405115302	  -2.66537542456551	  2.94332566918753	  3.42623436034279	  0	
  3.18046775812798	  0	  2.21177944670299	  -1.34961604079461	  0.118877031684288	  0.265278251096748	  6.7038742056239	  -11.3709679387075	  -0.0971352587051543	  -0.286628872524977	  -6.75264677483413	  1.83169013327756	  9.72817778211057	  0	
  -15.5366741065194	  0	  -1.70387755223602	  -23.1779094854866	  -3.04598102863546	  -10.7925002364099	  -11.3709679387075	  68.069188598157	  -0.379919806529747	  11.1465232345371	  6.6477781152937	  -7.39083770860019	  -17.5270615937594	  0	
  -0.54473814717922	  0	  -0.771207486344649	  1.81904438046373	  0.543544632966273	  -0.94171213748985	  -0.0971352587051543	  -0.379919806529747	  3.99394571759604	  -6.96759273737416	  -1.46471035401812	  -0.281246146419528	  -0.788616509759067	  0	
  3.82260847234214	  0	  2.75189338268583	  -16.6189234172	  -22.127256155645	  -106.614405115302	  -0.286628872524977	  11.1465232345371	  -6.96759273737416	  149.746483234192	  13.2708750005303	  1.93900870713929	  2.13141836454538	  0	
  20.4560431640592	  0	  17.9355930261749	  -30.3364124253842	  -2.60738233419125	  -2.66537542456551	  -6.75264677483413	  6.6477781152937	  -1.46471035401812	  13.2708750005303	  144.394134333352	  30.0325454793524	  -7.69171849682285	  0	
  5.47759846040556	  0	  6.11642849162778	  -6.78133793500801	  -0.350619358967122	  2.94332566918753	  1.83169013327756	  -7.39083770860019	  -0.281246146419528	  1.93900870713929	  30.0325454793524	  625.498743681008	  15.1772161264937	  0	
  15.8101789924321	  0	  18.9440009524862	  -20.0660166581459	  -0.440576256712434	  3.42623436034279	  9.72817778211057	  -17.5270615937594	  -0.788616509759067	  2.13141836454538	  -7.69171849682285	  15.1772161264937	  106.063354619569	  0	
  0	  0	  0	  0	  0	  0	  0	  0	  0	  0	  0	  0	  0	  0	
+++ Normalization Integrals +++
  EtaPi
8244	8244
7
EtaPi::Negative::S0-
EtaPi::Negative::P0-
EtaPi::Negative::P1-
EtaPi::Negative::D0-
EtaPi::Negative::D1-
EtaPi::Positive::P1+
EtaPi::Positive::D1+
(0.0795772854596525,0)	(0.000273573866859203,-0)	(0.00147771127401181,-0)	(0.000912693904859832,-0)	(0.00108882162076867,-0)	(0,-0)	(0,-0)	
(0.000273573866859203,0)	(0.0803936237052051,0)	(0.000843397600845528,-0)	(-6.37752617014579e-05,-0)	(0.00129320421922199,-0)	(0,-0)	(0,-0)	
(0.00147771127401181,0)	(0.000843397600845528,0)	(0.0793803972830877,0)	(-0.000532183723776647,-0)	(-0.000102536266299241,-0)	(0,-0)	(0,-0)	
(0.000912693904859832,0)	(-6.37752617014579e-05,0)	(-0.000532183723776647,0)	(0.078914128845242,0)	(4.44079360023362e-06,-0)	(0,-0)	(0,-0)	
(0.00108882162076867,0)	(0.00129320421922199,0)	(-0.000102536266299241,0)	(4.44079360023362e-06,0)	(0.0804838825008617,0)	(0,-0)	(0,-0)	
(0,0)	(0,0)	(0,0)	(0,0)	(0,0)	(0.0789578353906227,0)	(0.000882542282190029,-0)	
(0,0)	(0,0)	(0,0)	(0,0)	(0,0)	(0.000882542282190029,0)	(0.0809154609802221,0)	
(0.0795772854596525,0)	(0.000273573866859203,-0)	(0.00147771127401181,-0)	(0.000912693904859832,-0)	(0.00108882162076867,-0)	(0,-0)	(0,-0)	
(0.000273573866859203,0)	(0.0803936237052051,0)	(0.000843397600845528,-0)	(-6.37752617014579e-05,-0)	(0.00129320421922199,-0)	(0,-0)	(0,-0)	
(0.00147771127401181,0)	(0.000843397600845528,0)	(0.0793803972830877,0)	(-0.000532183723776647,-0)	(-0.000102536266299241,-0)	(0,-0)	(0,-0)	
(0.000912693904859832,0)	(-6.37752617014579e-05,0)	(-0.000532183723776647,0)	(0.078914128845242,0)	(4.44079360023362e-06,-0)	(0,-0)	(0,-0)	
(0.00108882162076867,0)	(0.00129320421922199,0)	(-0.000102536266299241,0)	(4.44079360023362e-06,0)	(0.0804838825008617,0)	(0,-0)	(0,-0)	
(0,0)	(0,0)	(0,0)	(0,0)	(0,0)	(0.0789578353906227,0)	(0.000882542282190029,-0)	
(0,0)	(0,0)	(0,0)	(0,0)	(0,0)	(0.000882542282190029,0)	(0.0809154609802221,0)	
+++ Below these two lines is a config file that is   +++
+++ functionally equivalent to that used in the fit. +++
### FIT CONFIGURATION ###
fit bin_7
reaction EtaPi gamma Proton Pi0 Eta
sum EtaPi::Positive
sum EtaPi::Negative
amplitude EtaPi::Negative::S0- TwoPSAngles 0 0 -1
amplitude EtaPi::Negative::P0- TwoPSAngles 1 0 -1
amplitude EtaPi::Negative::P1- TwoPSAngles 1 1 -1
amplitude EtaPi::Negative::D0- TwoPSAngles 2 0 -1
amplitude EtaPi::Negative::D1- TwoPSAngles 2 1 -1
amplitude EtaPi::Positive::P1+ TwoPSAngles 1 1 1
amplitude EtaPi::Positive::D1+ TwoPSAngles 2 1 1
scale EtaPi::Negative::S0- 1.0
scale EtaPi::Negative::P0- 1.0
scale EtaPi::Negative::P1- 1.0
scale EtaPi::Negative::D0- 1.0
scale EtaPi::Negative::D1- 1.0
scale EtaPi::Positive::P1+ 1.0
scale EtaPi::Positive::D1+ 1.0
initialize EtaPi::Negative::S0- cartesian 481.846999823 0 real
initialize EtaPi::Negative::P0- cartesian 68.1987764779 59.244314087
initialize EtaPi::Negative::P1- cartesian 34.7996040916 55.6207893282
initialize EtaPi::Negative::D0- cartesian 296.362538315 84.1646381852
initialize EtaPi::Negative::D1- cartesian 4.10228730121 20.4703931933
initialize EtaPi::Positive::P1+ cartesian 27.335698913 -20.4155284521
initialize EtaPi::Positive::D1+ cartesian 30.3545439302 0 real
data EtaPi ROOTDataReader data_pi0eta_tLT1_7.root
genmc EtaPi ROOTDataReader thrown_pi0eta_tLT1_7.root
accmc EtaPi ROOTDataReader reco_pi0eta_tLT1_7.root
normintfile EtaPi bin_7.ni
