*** DO NOT EDIT THIS FILE - IT IS FORMATTED FOR INPUT ***
+++ Reactions, Amplitudes, and Scale Parameters +++
  1
  EtaPi	7
  EtaPi::Negative::S0-	-	1
  EtaPi::Negative::P0-	-	1
  EtaPi::Negative::P1-	-	1
  EtaPi::Negative::D0-	-	1
  EtaPi::Negative::D1-	-	1
  EtaPi::Positive::P1+	-	1
  EtaPi::Positive::D1+	-	1
+++ Likelihood Total and Partial Sums +++
  -141976.187118264
  EtaPi	-141976.187118264
+++ Fitter Information +++
  lastMinuitCommand	1
  lastMinuitCommandStatus	0
  eMatrixStatus	3
  minuitPrecision	1e-13
  minuitStrategy	1
  estDistToMinimum	0.00968734278620511
  bestMinimum	-141976.187118264
+++ Parameter Values and Errors +++
  14
  EtaPi::Negative::S0-_re	316.814916837989
  EtaPi::Negative::S0-_im	0
  EtaPi::Negative::P0-_re	-1.55974635997193
  EtaPi::Negative::P0-_im	-27.1449079886526
  EtaPi::Negative::P1-_re	-8.47295408991487
  EtaPi::Negative::P1-_im	35.5864856154361
  EtaPi::Negative::D0-_re	3.0193759490638
  EtaPi::Negative::D0-_im	-49.0437542371776
  EtaPi::Negative::D1-_re	5.38968748548104
  EtaPi::Negative::D1-_im	-18.2257018522491
  EtaPi::Positive::P1+_re	67.7577812137166
  EtaPi::Positive::P1+_im	-27.6235257102847
  EtaPi::Positive::D1+_re	-0.658291936596781
  EtaPi::Positive::D1+_im	0
  22.1080409971226	  0	  -11.5554099915832	  -4.83674378600938	  6.17191278925908	  -69.3084143962509	  -12.6813545005825	  -21.3471358271882	  -4.67192205601482	  26.2207108960345	  -47.1661895736408	  29.9728089304135	  20.6849397229494	  0	
  0	  0	  0	  0	  0	  0	  0	  0	  0	  0	  0	  0	  0	  0	
  -11.5554099915832	  0	  31.6728065088935	  84.7070406537285	  -3.52923545875468	  42.5712282548898	  14.5746783129969	  14.7000631758063	  -10.73335743144	  -71.7403451020937	  10.7084183102678	  -108.021559632716	  -57.0698740357034	  0	
  -4.83674378600938	  0	  84.7070406537285	  359.100505339109	  -1.06542678169185	  10.4194104758866	  28.7606607467703	  -36.5707700857308	  -52.588867058116	  -219.945389291718	  -57.0196639791844	  -338.700662386536	  -150.861413775182	  0	
  6.17191278925908	  0	  -3.52923545875468	  -1.06542678169185	  5.46424831962493	  -19.6977324434321	  -3.20942224501908	  -3.29132503700996	  -1.41363170302205	  11.3907619589083	  -5.87999439194324	  26.0422682492446	  8.06154334868867	  0	
  -69.3084143962509	  0	  42.5712282548898	  10.4194104758866	  -19.6977324434321	  341.075981921574	  55.2195265827631	  134.141085881812	  25.8199684188943	  -36.0794844962128	  235.888824871052	  77.6522343228497	  -63.7649731288328	  0	
  -12.6813545005825	  0	  14.5746783129969	  28.7606607467703	  -3.20942224501908	  55.2195265827631	  16.7225193414456	  29.3643793150073	  0.262158162843295	  -25.4013298915046	  33.9741459063927	  -41.7299301045883	  -25.7251370310972	  0	
  -21.3471358271882	  0	  14.7000631758063	  -36.5707700857308	  -3.29132503700996	  134.141085881812	  29.3643793150073	  146.877693519715	  15.2332628431704	  2.94858966180412	  89.4179919946099	  -37.6228271604058	  -25.5972139223977	  0	
  -4.67192205601482	  0	  -10.73335743144	  -52.588867058116	  -1.41363170302205	  25.8199684188943	  0.262158162843295	  15.2332628431704	  12.6960600303121	  34.1970476078225	  31.8200761863641	  68.0246212057758	  20.8202796820148	  0	
  26.2207108960345	  0	  -71.7403451020937	  -219.945389291718	  11.3907619589083	  -36.0794844962128	  -25.4013298915046	  2.94858966180412	  34.1970476078225	  265.662224856503	  93.3057038420401	  542.61902652677	  143.734739915312	  0	
  -47.1661895736408	  0	  10.7084183102678	  -57.0196639791844	  -5.87999439194324	  235.888824871052	  33.9741459063927	  89.4179919946099	  31.8200761863641	  93.3057038420401	  287.404769029385	  433.40540661935	  31.1579754572076	  0	
  29.9728089304135	  0	  -108.021559632716	  -338.700662386536	  26.0422682492446	  77.6522343228497	  -41.7299301045883	  -37.6228271604058	  68.0246212057758	  542.61902652677	  433.40540661935	  1856.5270726307	  343.848905266348	  0	
  20.6849397229494	  0	  -57.0698740357034	  -150.861413775182	  8.06154334868867	  -63.7649731288328	  -25.7251370310972	  -25.5972139223977	  20.8202796820148	  143.734739915312	  31.1579754572076	  343.848905266348	  149.696847715821	  0	
  0	  0	  0	  0	  0	  0	  0	  0	  0	  0	  0	  0	  0	  0	
+++ Normalization Integrals +++
  EtaPi
8510	8510
7
EtaPi::Negative::S0-
EtaPi::Negative::P0-
EtaPi::Negative::P1-
EtaPi::Negative::D0-
EtaPi::Negative::D1-
EtaPi::Positive::P1+
EtaPi::Positive::D1+
(0.0795772854596529,0)	(-0.000527367528179015,-0)	(0.00139418436620797,-0)	(0.000396045003111482,-0)	(-0.000955688336911127,-0)	(0,-0)	(0,-0)	
(-0.000527367528179015,0)	(0.0799315188792808,0)	(-0.000740273002604292,-0)	(-0.001917684652553,-0)	(0.00157947895923,-0)	(0,-0)	(0,-0)	
(0.00139418436620797,0)	(-0.000740273002604292,0)	(0.0802722202452822,0)	(-0.000190876604568049,-0)	(0.000116068376131927,-0)	(0,-0)	(0,-0)	
(0.000396045003111482,0)	(-0.001917684652553,0)	(-0.000190876604568049,0)	(0.0787928905654349,0)	(-0.00025491574659816,-0)	(0,-0)	(0,-0)	
(-0.000955688336911127,0)	(0.00157947895923,0)	(0.000116068376131927,0)	(-0.00025491574659816,0)	(0.080618584393474,0)	(0,-0)	(0,-0)	
(0,0)	(0,0)	(0,0)	(0,0)	(0,0)	(0.0785281172543519,0)	(0.000736626021967383,-0)	
(0,0)	(0,0)	(0,0)	(0,0)	(0,0)	(0.000736626021967383,0)	(0.0801722354174787,0)	
(0.0795772854596529,0)	(-0.000527367528179015,-0)	(0.00139418436620797,-0)	(0.000396045003111482,-0)	(-0.000955688336911127,-0)	(0,-0)	(0,-0)	
(-0.000527367528179015,0)	(0.0799315188792808,0)	(-0.000740273002604292,-0)	(-0.001917684652553,-0)	(0.00157947895923,-0)	(0,-0)	(0,-0)	
(0.00139418436620797,0)	(-0.000740273002604292,0)	(0.0802722202452822,0)	(-0.000190876604568049,-0)	(0.000116068376131927,-0)	(0,-0)	(0,-0)	
(0.000396045003111482,0)	(-0.001917684652553,0)	(-0.000190876604568049,0)	(0.0787928905654349,0)	(-0.00025491574659816,-0)	(0,-0)	(0,-0)	
(-0.000955688336911127,0)	(0.00157947895923,0)	(0.000116068376131927,0)	(-0.00025491574659816,0)	(0.080618584393474,0)	(0,-0)	(0,-0)	
(0,0)	(0,0)	(0,0)	(0,0)	(0,0)	(0.0785281172543519,0)	(0.000736626021967383,-0)	
(0,0)	(0,0)	(0,0)	(0,0)	(0,0)	(0.000736626021967383,0)	(0.0801722354174787,0)	
+++ Below these two lines is a config file that is   +++
+++ functionally equivalent to that used in the fit. +++
### FIT CONFIGURATION ###
fit bin_11
reaction EtaPi gamma Proton Pi0 Eta
sum EtaPi::Positive
sum EtaPi::Negative
amplitude EtaPi::Negative::S0- TwoPSAngles 0 0 -1
amplitude EtaPi::Negative::P0- TwoPSAngles 1 0 -1
amplitude EtaPi::Negative::P1- TwoPSAngles 1 1 -1
amplitude EtaPi::Negative::D0- TwoPSAngles 2 0 -1
amplitude EtaPi::Negative::D1- TwoPSAngles 2 1 -1
amplitude EtaPi::Positive::P1+ TwoPSAngles 1 1 1
amplitude EtaPi::Positive::D1+ TwoPSAngles 2 1 1
scale EtaPi::Negative::S0- 1.0
scale EtaPi::Negative::P0- 1.0
scale EtaPi::Negative::P1- 1.0
scale EtaPi::Negative::D0- 1.0
scale EtaPi::Negative::D1- 1.0
scale EtaPi::Positive::P1+ 1.0
scale EtaPi::Positive::D1+ 1.0
initialize EtaPi::Negative::S0- cartesian 481.846999823 0 real
initialize EtaPi::Negative::P0- cartesian 68.1987764779 59.244314087
initialize EtaPi::Negative::P1- cartesian 34.7996040916 55.6207893282
initialize EtaPi::Negative::D0- cartesian 296.362538315 84.1646381852
initialize EtaPi::Negative::D1- cartesian 4.10228730121 20.4703931933
initialize EtaPi::Positive::P1+ cartesian 27.335698913 -20.4155284521
initialize EtaPi::Positive::D1+ cartesian 30.3545439302 0 real
data EtaPi ROOTDataReader data_pi0eta_tLT1_11.root
genmc EtaPi ROOTDataReader thrown_pi0eta_tLT1_11.root
accmc EtaPi ROOTDataReader reco_pi0eta_tLT1_11.root
normintfile EtaPi bin_11.ni
