*** DO NOT EDIT THIS FILE - IT IS FORMATTED FOR INPUT ***
+++ Reactions, Amplitudes, and Scale Parameters +++
  1
  EtaPi	7
  EtaPi::Negative::S0-	-	1
  EtaPi::Negative::P0-	-	1
  EtaPi::Negative::P1-	-	1
  EtaPi::Negative::D0-	-	1
  EtaPi::Negative::D1-	-	1
  EtaPi::Positive::P1+	-	1
  EtaPi::Positive::D1+	-	1
+++ Likelihood Total and Partial Sums +++
  -10624.9999754676
  EtaPi	-10624.9999754676
+++ Fitter Information +++
  lastMinuitCommand	1
  lastMinuitCommandStatus	0
  eMatrixStatus	3
  minuitPrecision	1e-13
  minuitStrategy	1
  estDistToMinimum	7.35973502646562e-06
  bestMinimum	-10624.9999754676
+++ Parameter Values and Errors +++
  14
  EtaPi::Negative::S0-_re	94.4373277002847
  EtaPi::Negative::S0-_im	0
  EtaPi::Negative::P0-_re	3.82745041444563
  EtaPi::Negative::P0-_im	-5.26207808387643
  EtaPi::Negative::P1-_re	-0.34097758669956
  EtaPi::Negative::P1-_im	-5.91227781602507
  EtaPi::Negative::D0-_re	-7.90308263367153
  EtaPi::Negative::D0-_im	40.8576306734784
  EtaPi::Negative::D1-_re	-0.232531837999937
  EtaPi::Negative::D1-_im	-12.7560298732735
  EtaPi::Positive::P1+_re	4.92397062251348
  EtaPi::Positive::P1+_im	-0.00146572049269901
  EtaPi::Positive::D1+_re	-23.5440625960967
  EtaPi::Positive::D1+_im	0
  19.2261172091268	  0	  -2.53206696442446	  0.056701690075427	  1.41606571492955	  1.19547584314093	  8.95958465980599	  -17.9944147806964	  -1.67361411007453	  4.72469674903262	  1.33575557047577	  -0.42489821441694	  27.8570408955625	  0	
  0	  0	  0	  0	  0	  0	  0	  0	  0	  0	  0	  0	  0	  0	
  -2.53206696442446	  0	  15.2432994684319	  -13.9255280096137	  -0.530313360181972	  4.31512895720874	  -1.05714008864353	  1.03094741700072	  -0.171219793120486	  2.12927139703978	  24.6007680508404	  -0.600859894488492	  0.467751974664857	  0	
  0.056701690075427	  0	  -13.9255280096137	  28.9749537041058	  2.6961683557591	  2.24823829321695	  -0.738789945110802	  4.19287921919343	  1.19771288612652	  -2.19265599239699	  -19.9229144500694	  0.103236015610174	  -4.73344894826879	  0	
  1.41606571492955	  0	  -0.530313360181972	  2.6961683557591	  5.58086216426788	  8.60588960737436	  -0.0677019305334809	  -0.0739465769610058	  0.0357084284456644	  2.16862116739449	  -1.47769934299188	  -0.195278918894582	  1.32257731791288	  0	
  1.19547584314093	  0	  4.31512895720874	  2.24823829321695	  8.60588960737436	  45.6823880596168	  -2.65731141653131	  4.50707214137599	  1.51840284199725	  5.24674808503993	  1.85602498013738	  -1.00164867671356	  0.750338050549212	  0	
  8.95958465980599	  0	  -1.05714008864353	  -0.738789945110802	  -0.0677019305334809	  -2.65731141653131	  9.77028192473358	  -11.1262556390585	  -1.25853766566745	  1.67511124121392	  3.67323786721826	  1.76947191550005	  15.4561587824337	  0	
  -17.9944147806964	  0	  1.03094741700072	  4.19287921919343	  -0.0739465769610058	  4.50707214137599	  -11.1262556390585	  32.0549884549378	  1.85582788955282	  -0.191134485518035	  -5.10996437742314	  -1.36673301097281	  -21.8602872864814	  0	
  -1.67361411007453	  0	  -0.171219793120486	  1.19771288612652	  0.0357084284456644	  1.51840284199725	  -1.25853766566745	  1.85582788955282	  4.45374472583489	  -3.48149745728288	  -0.399058731734047	  -0.0747729649563815	  -2.24007640424743	  0	
  4.72469674903262	  0	  2.12927139703978	  -2.19265599239699	  2.16862116739449	  5.24674808503993	  1.67511124121392	  -0.191134485518035	  -3.48149745728288	  28.1143338234341	  1.69066624676811	  -0.54810877128726	  5.04748128657113	  0	
  1.33575557047577	  0	  24.6007680508404	  -19.9229144500694	  -1.47769934299188	  1.85602498013738	  3.67323786721826	  -5.10996437742314	  -0.399058731734047	  1.69066624676811	  87.2899188083285	  -0.649503509781876	  21.0158786899097	  0	
  -0.42489821441694	  0	  -0.600859894488492	  0.103236015610174	  -0.195278918894582	  -1.00164867671356	  1.76947191550005	  -1.36673301097281	  -0.0747729649563815	  -0.54810877128726	  -0.649503509781876	  239.501130196455	  4.51402684808576	  0	
  27.8570408955625	  0	  0.467751974664857	  -4.73344894826879	  1.32257731791288	  0.750338050549212	  15.4561587824337	  -21.8602872864814	  -2.24007640424743	  5.04748128657113	  21.0158786899097	  4.51402684808576	  75.9293285842302	  0	
  0	  0	  0	  0	  0	  0	  0	  0	  0	  0	  0	  0	  0	  0	
+++ Normalization Integrals +++
  EtaPi
8411	8411
7
EtaPi::Negative::S0-
EtaPi::Negative::P0-
EtaPi::Negative::P1-
EtaPi::Negative::D0-
EtaPi::Negative::D1-
EtaPi::Positive::P1+
EtaPi::Positive::D1+
(0.0795772854596528,0)	(0.000141466459088614,-0)	(0.000458029877410197,-0)	(0.000567772423712697,-0)	(-0.000659596712231634,-0)	(0,-0)	(0,-0)	
(0.000141466459088614,0)	(0.0800851165537068,0)	(-0.000510921416337259,-0)	(-0.00107487278673304,-0)	(0.000481589409029687,-0)	(0,-0)	(0,-0)	
(0.000458029877410197,0)	(-0.000510921416337259,0)	(0.0791992695016575,0)	(-9.50243083942994e-05,-0)	(0.0007531417297704,-0)	(0,-0)	(0,-0)	
(0.000567772423712697,0)	(-0.00107487278673304,0)	(-9.50243083942994e-05,0)	(0.0795724103358279,0)	(0.000556506502742854,-0)	(0,-0)	(0,-0)	
(-0.000659596712231634,0)	(0.000481589409029687,0)	(0.0007531417297704,0)	(0.000556506502742854,0)	(0.0804375231884286,0)	(0,-0)	(0,-0)	
(0,0)	(0,0)	(0,0)	(0,0)	(0,0)	(0.0794474703235508,0)	(0.000853279282490871,-0)	
(0,0)	(0,0)	(0,0)	(0,0)	(0,0)	(0.000853279282490871,0)	(0.0795699330527092,0)	
(0.0795772854596528,0)	(0.000141466459088614,-0)	(0.000458029877410197,-0)	(0.000567772423712697,-0)	(-0.000659596712231634,-0)	(0,-0)	(0,-0)	
(0.000141466459088614,0)	(0.0800851165537068,0)	(-0.000510921416337259,-0)	(-0.00107487278673304,-0)	(0.000481589409029687,-0)	(0,-0)	(0,-0)	
(0.000458029877410197,0)	(-0.000510921416337259,0)	(0.0791992695016575,0)	(-9.50243083942994e-05,-0)	(0.0007531417297704,-0)	(0,-0)	(0,-0)	
(0.000567772423712697,0)	(-0.00107487278673304,0)	(-9.50243083942994e-05,0)	(0.0795724103358279,0)	(0.000556506502742854,-0)	(0,-0)	(0,-0)	
(-0.000659596712231634,0)	(0.000481589409029687,0)	(0.0007531417297704,0)	(0.000556506502742854,0)	(0.0804375231884286,0)	(0,-0)	(0,-0)	
(0,0)	(0,0)	(0,0)	(0,0)	(0,0)	(0.0794474703235508,0)	(0.000853279282490871,-0)	
(0,0)	(0,0)	(0,0)	(0,0)	(0,0)	(0.000853279282490871,0)	(0.0795699330527092,0)	
+++ Below these two lines is a config file that is   +++
+++ functionally equivalent to that used in the fit. +++
### FIT CONFIGURATION ###
fit bin_2
reaction EtaPi gamma Proton Pi0 Eta
sum EtaPi::Positive
sum EtaPi::Negative
amplitude EtaPi::Negative::S0- TwoPSAngles 0 0 -1
amplitude EtaPi::Negative::P0- TwoPSAngles 1 0 -1
amplitude EtaPi::Negative::P1- TwoPSAngles 1 1 -1
amplitude EtaPi::Negative::D0- TwoPSAngles 2 0 -1
amplitude EtaPi::Negative::D1- TwoPSAngles 2 1 -1
amplitude EtaPi::Positive::P1+ TwoPSAngles 1 1 1
amplitude EtaPi::Positive::D1+ TwoPSAngles 2 1 1
scale EtaPi::Negative::S0- 1.0
scale EtaPi::Negative::P0- 1.0
scale EtaPi::Negative::P1- 1.0
scale EtaPi::Negative::D0- 1.0
scale EtaPi::Negative::D1- 1.0
scale EtaPi::Positive::P1+ 1.0
scale EtaPi::Positive::D1+ 1.0
initialize EtaPi::Negative::S0- cartesian 475.959261074 0 real
initialize EtaPi::Negative::P0- cartesian 11.3138466612 1.41852165094
initialize EtaPi::Negative::P1- cartesian 38.6631038602 32.4473284698
initialize EtaPi::Negative::D0- cartesian 332.612334231 -36.3097972354
initialize EtaPi::Negative::D1- cartesian 11.2628154269 1.37017686928
initialize EtaPi::Positive::P1+ cartesian 27.8830247807 -27.8478228539
initialize EtaPi::Positive::D1+ cartesian 72.6294430852 0 real
data EtaPi ROOTDataReader data_pi0eta_tLT1_2.root
genmc EtaPi ROOTDataReader thrown_pi0eta_tLT1_2.root
accmc EtaPi ROOTDataReader reco_pi0eta_tLT1_2.root
normintfile EtaPi bin_2.ni
