*** DO NOT EDIT THIS FILE - IT IS FORMATTED FOR INPUT ***
+++ Reactions, Amplitudes, and Scale Parameters +++
  1
  EtaPi	7
  EtaPi::Negative::S0-	-	1
  EtaPi::Negative::P0-	-	1
  EtaPi::Negative::P1-	-	1
  EtaPi::Negative::D0-	-	1
  EtaPi::Negative::D1-	-	1
  EtaPi::Positive::P1+	-	1
  EtaPi::Positive::D1+	-	1
+++ Likelihood Total and Partial Sums +++
  -123651.954891476
  EtaPi	-123651.954891476
+++ Fitter Information +++
  lastMinuitCommand	1
  lastMinuitCommandStatus	0
  eMatrixStatus	3
  minuitPrecision	1e-13
  minuitStrategy	1
  estDistToMinimum	4.75944710513524e-05
  bestMinimum	-123651.954891476
+++ Parameter Values and Errors +++
  14
  EtaPi::Negative::S0-_re	37.3451529648041
  EtaPi::Negative::S0-_im	0
  EtaPi::Negative::P0-_re	20.2400793634111
  EtaPi::Negative::P0-_im	-0.279551362648076
  EtaPi::Negative::P1-_re	-5.61206597962885
  EtaPi::Negative::P1-_im	-3.29032298418122
  EtaPi::Negative::D0-_re	-14.0285450847834
  EtaPi::Negative::D0-_im	-301.02257802186
  EtaPi::Negative::D1-_re	5.43573563355683
  EtaPi::Negative::D1-_im	-2.13413509088736
  EtaPi::Positive::P1+_re	15.9991275313873
  EtaPi::Positive::P1+_im	0.143124564919748
  EtaPi::Positive::D1+_re	-6.50499550805512
  EtaPi::Positive::D1+_im	0
  132.576559609402	  0	  -98.7187145466865	  7.90421802841856	  25.1719166577296	  -4.36703443775923	  77.471350587787	  -0.311889506625476	  -21.4163176528082	  4.59483780596874	  -86.4101773152289	  -17.4750511698598	  25.187209128551	  0	
  0	  0	  0	  0	  0	  0	  0	  0	  0	  0	  0	  0	  0	  0	
  -98.7187145466865	  0	  134.979412060708	  -6.80804979607785	  -24.895800871027	  5.60692026544982	  -93.5427883654648	  4.49467680423449	  20.9747096970228	  -4.34457317723396	  73.6204624445685	  -88.5375026581146	  -60.5440965322599	  0	
  7.90421802841856	  0	  -6.80804979607785	  4.99094282663075	  3.08325311812462	  -0.690516939788209	  20.7968550180383	  -0.425750888497926	  -2.23513484869824	  0.510929878447441	  -1.52937042351558	  4.03597707073066	  3.41711335183437	  0	
  25.1719166577296	  0	  -24.895800871027	  3.08325311812462	  58.954554276581	  -8.20555398611469	  29.9563487851916	  -0.988995606304429	  -29.9939603447293	  1.05782725455626	  1.95095492797589	  1.22363413606624	  -0.83303180577437	  0	
  -4.36703443775923	  0	  5.60692026544982	  -0.690516939788209	  -8.20555398611469	  4.81786923479005	  -9.11967653316622	  0.394513951337102	  4.49479916704778	  -0.00884775586633988	  0.112828256194474	  -2.76496707633931	  -1.39856035130995	  0	
  77.471350587787	  0	  -93.5427883654648	  20.7968550180383	  29.9563487851916	  -9.11967653316622	  312.568468493115	  -8.77299918035378	  -23.3957522660224	  7.22442517382493	  -1.04753757189079	  78.4956352189481	  53.9906881635167	  0	
  -0.311889506625476	  0	  4.49467680423449	  -0.425750888497926	  -0.988995606304429	  0.394513951337102	  -8.77299918035378	  4.06339479860515	  0.88578083988545	  -0.238552580910724	  5.09103454761458	  -2.61478152309595	  -1.84674245081944	  0	
  -21.4163176528082	  0	  20.9747096970228	  -2.23513484869824	  -29.9939603447293	  4.49479916704778	  -23.3957522660224	  0.88578083988545	  39.1111184319424	  -0.827125949124946	  -0.196884427210881	  4.78976670775988	  2.35946896954754	  0	
  4.59483780596874	  0	  -4.34457317723396	  0.510929878447441	  1.05782725455626	  -0.00884775586633988	  7.22442517382493	  -0.238552580910724	  -0.827125949124946	  4.00482205931149	  -2.53985877036851	  1.71320335655674	  2.03584910688953	  0	
  -86.4101773152289	  0	  73.6204624445685	  -1.52937042351558	  1.95095492797589	  0.112828256194474	  -1.04753757189079	  5.09103454761458	  -0.196884427210881	  -2.53985877036851	  347.16636387463	  -381.608528265261	  27.8543104018226	  0	
  -17.4750511698598	  0	  -88.5375026581146	  4.03597707073066	  1.22363413606624	  -2.76496707633931	  78.4956352189481	  -2.61478152309595	  4.78976670775988	  1.71320335655674	  -381.608528265261	  1371.90464922925	  66.903343888981	  0	
  25.187209128551	  0	  -60.5440965322599	  3.41711335183437	  -0.83303180577437	  -1.39856035130995	  53.9906881635167	  -1.84674245081944	  2.35946896954754	  2.03584910688953	  27.8543104018226	  66.903343888981	  118.068535127499	  0	
  0	  0	  0	  0	  0	  0	  0	  0	  0	  0	  0	  0	  0	  0	
+++ Normalization Integrals +++
  EtaPi
8495	8495
7
EtaPi::Negative::S0-
EtaPi::Negative::P0-
EtaPi::Negative::P1-
EtaPi::Negative::D0-
EtaPi::Negative::D1-
EtaPi::Positive::P1+
EtaPi::Positive::D1+
(0.0795772854596529,0)	(-0.000257722840061217,-0)	(1.90954131761274e-05,-0)	(5.42448911309259e-05,-0)	(0.000101323349746121,-0)	(0,-0)	(0,-0)	
(-0.000257722840061217,0)	(0.0796258035652384,0)	(7.84847292297359e-05,-0)	(-0.00010772750590402,-0)	(-0.000872904055026985,-0)	(0,-0)	(0,-0)	
(1.90954131761274e-05,0)	(7.84847292297359e-05,0)	(0.0795346662637373,0)	(-0.000777306407679946,-0)	(-0.000612981679322992,-0)	(0,-0)	(0,-0)	
(5.42448911309259e-05,0)	(-0.00010772750590402,0)	(-0.000777306407679946,0)	(0.0795131328852577,0)	(0.0010577868173637,-0)	(0,-0)	(0,-0)	
(0.000101323349746121,0)	(-0.000872904055026985,0)	(-0.000612981679322992,0)	(0.0010577868173637,0)	(0.0790366596955803,0)	(0,-0)	(0,-0)	
(0,0)	(0,0)	(0,0)	(0,0)	(0,0)	(0.0795713865499395,0)	(7.19371767257023e-05,-0)	
(0,0)	(0,0)	(0,0)	(0,0)	(0,0)	(7.19371767257023e-05,0)	(0.0802843114988715,0)	
(0.0795772854596529,0)	(-0.000257722840061217,-0)	(1.90954131761274e-05,-0)	(5.42448911309259e-05,-0)	(0.000101323349746121,-0)	(0,-0)	(0,-0)	
(-0.000257722840061217,0)	(0.0796258035652384,0)	(7.84847292297359e-05,-0)	(-0.00010772750590402,-0)	(-0.000872904055026985,-0)	(0,-0)	(0,-0)	
(1.90954131761274e-05,0)	(7.84847292297359e-05,0)	(0.0795346662637373,0)	(-0.000777306407679946,-0)	(-0.000612981679322992,-0)	(0,-0)	(0,-0)	
(5.42448911309259e-05,0)	(-0.00010772750590402,0)	(-0.000777306407679946,0)	(0.0795131328852577,0)	(0.0010577868173637,-0)	(0,-0)	(0,-0)	
(0.000101323349746121,0)	(-0.000872904055026985,0)	(-0.000612981679322992,0)	(0.0010577868173637,0)	(0.0790366596955803,0)	(0,-0)	(0,-0)	
(0,0)	(0,0)	(0,0)	(0,0)	(0,0)	(0.0795713865499395,0)	(7.19371767257023e-05,-0)	
(0,0)	(0,0)	(0,0)	(0,0)	(0,0)	(7.19371767257023e-05,0)	(0.0802843114988715,0)	
+++ Below these two lines is a config file that is   +++
+++ functionally equivalent to that used in the fit. +++
### FIT CONFIGURATION ###
fit bin_33
reaction EtaPi gamma Proton Pi0 Eta
sum EtaPi::Positive
sum EtaPi::Negative
amplitude EtaPi::Negative::S0- TwoPSAngles 0 0 -1
amplitude EtaPi::Negative::P0- TwoPSAngles 1 0 -1
amplitude EtaPi::Negative::P1- TwoPSAngles 1 1 -1
amplitude EtaPi::Negative::D0- TwoPSAngles 2 0 -1
amplitude EtaPi::Negative::D1- TwoPSAngles 2 1 -1
amplitude EtaPi::Positive::P1+ TwoPSAngles 1 1 1
amplitude EtaPi::Positive::D1+ TwoPSAngles 2 1 1
scale EtaPi::Negative::S0- 1.0
scale EtaPi::Negative::P0- 1.0
scale EtaPi::Negative::P1- 1.0
scale EtaPi::Negative::D0- 1.0
scale EtaPi::Negative::D1- 1.0
scale EtaPi::Positive::P1+ 1.0
scale EtaPi::Positive::D1+ 1.0
initialize EtaPi::Negative::S0- cartesian 407.938932003 0 real
initialize EtaPi::Negative::P0- cartesian 37.7305556076 43.8665066773
initialize EtaPi::Negative::P1- cartesian 13.6880776969 6.12985197171
initialize EtaPi::Negative::D0- cartesian 140.060934477 14.7320979271
initialize EtaPi::Negative::D1- cartesian 0.2432478703 -13.3963387795
initialize EtaPi::Positive::P1+ cartesian 56.3724151096 -23.9248832202
initialize EtaPi::Positive::D1+ cartesian 77.2194193314 0 real
data EtaPi ROOTDataReader data_pi0eta_tLT1_33.root
genmc EtaPi ROOTDataReader thrown_pi0eta_tLT1_33.root
accmc EtaPi ROOTDataReader reco_pi0eta_tLT1_33.root
normintfile EtaPi bin_33.ni
