*** DO NOT EDIT THIS FILE - IT IS FORMATTED FOR INPUT ***
+++ Reactions, Amplitudes, and Scale Parameters +++
  1
  EtaPi	7
  EtaPi::Negative::S0-	-	1
  EtaPi::Negative::P0-	-	1
  EtaPi::Negative::P1-	-	1
  EtaPi::Negative::D0-	-	1
  EtaPi::Negative::D1-	-	1
  EtaPi::Positive::P1+	-	1
  EtaPi::Positive::D1+	-	1
+++ Likelihood Total and Partial Sums +++
  -56037.1104474049
  EtaPi	-56037.1104474049
+++ Fitter Information +++
  lastMinuitCommand	1
  lastMinuitCommandStatus	0
  eMatrixStatus	3
  minuitPrecision	1e-13
  minuitStrategy	1
  estDistToMinimum	2.23830374341067e-05
  bestMinimum	-56037.1104474049
+++ Parameter Values and Errors +++
  14
  EtaPi::Negative::S0-_re	105.044387186987
  EtaPi::Negative::S0-_im	0
  EtaPi::Negative::P0-_re	-10.4305091574786
  EtaPi::Negative::P0-_im	-14.2430979805152
  EtaPi::Negative::P1-_re	-2.45616222858134
  EtaPi::Negative::P1-_im	124.592769141091
  EtaPi::Negative::D0-_re	73.4469411445213
  EtaPi::Negative::D0-_im	-1.88280050964449
  EtaPi::Negative::D1-_re	7.73496723846859
  EtaPi::Negative::D1-_im	3.238832291063
  EtaPi::Positive::P1+_re	108.68317278645
  EtaPi::Positive::P1+_im	-65.9782380557414
  EtaPi::Positive::D1+_re	3.10641647100337
  EtaPi::Positive::D1+_im	0
  101.111631038941	  0	  0.58693975252447	  12.8071897582891	  -0.38052481779152	  -22.5224331123061	  -58.0493641299946	  -2.99755513789794	  -15.378515651134	  2.97852425596251	  -12.8889808342796	  23.1555263973063	  3.45715661408432	  0	
  0	  0	  0	  0	  0	  0	  0	  0	  0	  0	  0	  0	  0	  0	
  0.58693975252447	  0	  8.98289793818798	  2.06470858540483	  -1.55684284951218	  0.097208259868335	  0.34572990370537	  1.26217425604739	  -1.63200474793276	  -3.68246521832838	  2.12280053380271	  3.24855665782142	  -4.48982538356598	  0	
  12.8071897582891	  0	  2.06470858540483	  93.0508484463634	  -7.95181007359839	  1.89490127793651	  2.99760311443791	  -1.25652482906007	  -62.2999693041671	  -0.386608860631674	  0.0105039408361741	  0.978143891423455	  -0.374915818993646	  0	
  -0.38052481779152	  0	  -1.55684284951218	  -7.95181007359839	  19.6279597383309	  -0.156103400212753	  -1.04873438336285	  -0.266488087239432	  6.80875765717902	  0.633041574763308	  -0.155168371977608	  -0.0519037811154505	  0.266239950214494	  0	
  -22.5224331123061	  0	  0.097208259868335	  1.89490127793651	  -0.156103400212753	  10.8328421432115	  13.4768901847146	  0.574949905813361	  0.323183940513951	  -0.915370279624895	  1.08572459805544	  -4.63797254924696	  -0.832993767798025	  0	
  -58.0493641299946	  0	  0.34572990370537	  2.99760311443791	  -1.04873438336285	  13.4768901847146	  40.650812903775	  1.87808302876537	  1.68240723400889	  -2.08582931155605	  7.29584471894342	  -13.9298926977473	  -2.41125821054675	  0	
  -2.99755513789794	  0	  1.26217425604739	  -1.25652482906007	  -0.266488087239432	  0.574949905813361	  1.87808302876537	  13.2159707258207	  0.611862072207954	  -0.0422931711377547	  0.713502290165574	  -0.320521035868563	  -0.666112977757142	  0	
  -15.378515651134	  0	  -1.63200474793276	  -62.2999693041671	  6.80875765717902	  0.323183940513951	  1.68240723400889	  0.611862072207954	  50.3515339250355	  0.000270089432476423	  0.68192703458338	  -2.28629265164833	  0.196874713722729	  0	
  2.97852425596251	  0	  -3.68246521832838	  -0.386608860631674	  0.633041574763308	  -0.915370279624895	  -2.08582931155605	  -0.0422931711377547	  0.000270089432476423	  9.49462755355298	  0.183237176072641	  1.7124230135937	  -1.20097671249819	  0	
  -12.8889808342796	  0	  2.12280053380271	  0.0105039408361741	  -0.155168371977608	  1.08572459805544	  7.29584471894342	  0.713502290165574	  0.68192703458338	  0.183237176072641	  650.59983741922	  1058.03581772098	  -24.9666921566535	  0	
  23.1555263973063	  0	  3.24855665782142	  0.978143891423455	  -0.0519037811154505	  -4.63797254924696	  -13.9298926977473	  -0.320521035868563	  -2.28629265164833	  1.7124230135937	  1058.03581772098	  1761.682669758	  -39.0234087965768	  0	
  3.45715661408432	  0	  -4.48982538356598	  -0.374915818993646	  0.266239950214494	  -0.832993767798025	  -2.41125821054675	  -0.666112977757142	  0.196874713722729	  -1.20097671249819	  -24.9666921566535	  -39.0234087965768	  14.0865019218036	  0	
  0	  0	  0	  0	  0	  0	  0	  0	  0	  0	  0	  0	  0	  0	
+++ Normalization Integrals +++
  EtaPi
8385	8385
7
EtaPi::Negative::S0-
EtaPi::Negative::P0-
EtaPi::Negative::P1-
EtaPi::Negative::D0-
EtaPi::Negative::D1-
EtaPi::Positive::P1+
EtaPi::Positive::D1+
(0.0795772854596527,0)	(-0.000728956226830169,-0)	(-0.000387793232331988,-0)	(-0.00104122978820498,-0)	(-0.000706228476480712,-0)	(0,-0)	(0,-0)	
(-0.000728956226830169,0)	(0.0786459812249885,0)	(-0.000547042225605448,-0)	(0.000445329703048531,-0)	(0.000370885911357334,-0)	(0,-0)	(0,-0)	
(-0.000387793232331988,0)	(-0.000547042225605448,0)	(0.081579611057343,0)	(0.00075476263549554,-0)	(-0.00103954845555911,-0)	(0,-0)	(0,-0)	
(-0.00104122978820498,0)	(0.000445329703048531,0)	(0.00075476263549554,0)	(0.0791235689252245,0)	(-0.000370512662934345,-0)	(0,-0)	(0,-0)	
(-0.000706228476480712,0)	(0.000370885911357334,0)	(-0.00103954845555911,0)	(-0.000370512662934345,0)	(0.0794732071077202,0)	(0,-0)	(0,-0)	
(0,0)	(0,0)	(0,0)	(0,0)	(0,0)	(0.0785062640965833,0)	(-0.00135683087672559,-0)	
(0,0)	(0,0)	(0,0)	(0,0)	(0,0)	(-0.00135683087672559,0)	(0.0787341454663592,0)	
(0.0795772854596527,0)	(-0.000728956226830169,-0)	(-0.000387793232331988,-0)	(-0.00104122978820498,-0)	(-0.000706228476480712,-0)	(0,-0)	(0,-0)	
(-0.000728956226830169,0)	(0.0786459812249885,0)	(-0.000547042225605448,-0)	(0.000445329703048531,-0)	(0.000370885911357334,-0)	(0,-0)	(0,-0)	
(-0.000387793232331988,0)	(-0.000547042225605448,0)	(0.081579611057343,0)	(0.00075476263549554,-0)	(-0.00103954845555911,-0)	(0,-0)	(0,-0)	
(-0.00104122978820498,0)	(0.000445329703048531,0)	(0.00075476263549554,0)	(0.0791235689252245,0)	(-0.000370512662934345,-0)	(0,-0)	(0,-0)	
(-0.000706228476480712,0)	(0.000370885911357334,0)	(-0.00103954845555911,0)	(-0.000370512662934345,0)	(0.0794732071077202,0)	(0,-0)	(0,-0)	
(0,0)	(0,0)	(0,0)	(0,0)	(0,0)	(0.0785062640965833,0)	(-0.00135683087672559,-0)	
(0,0)	(0,0)	(0,0)	(0,0)	(0,0)	(-0.00135683087672559,0)	(0.0787341454663592,0)	
+++ Below these two lines is a config file that is   +++
+++ functionally equivalent to that used in the fit. +++
### FIT CONFIGURATION ###
fit bin_18
reaction EtaPi gamma Proton Pi0 Eta
sum EtaPi::Positive
sum EtaPi::Negative
amplitude EtaPi::Negative::S0- TwoPSAngles 0 0 -1
amplitude EtaPi::Negative::P0- TwoPSAngles 1 0 -1
amplitude EtaPi::Negative::P1- TwoPSAngles 1 1 -1
amplitude EtaPi::Negative::D0- TwoPSAngles 2 0 -1
amplitude EtaPi::Negative::D1- TwoPSAngles 2 1 -1
amplitude EtaPi::Positive::P1+ TwoPSAngles 1 1 1
amplitude EtaPi::Positive::D1+ TwoPSAngles 2 1 1
scale EtaPi::Negative::S0- 1.0
scale EtaPi::Negative::P0- 1.0
scale EtaPi::Negative::P1- 1.0
scale EtaPi::Negative::D0- 1.0
scale EtaPi::Negative::D1- 1.0
scale EtaPi::Positive::P1+ 1.0
scale EtaPi::Positive::D1+ 1.0
initialize EtaPi::Negative::S0- cartesian 197.3040276 0 real
initialize EtaPi::Negative::P0- cartesian 68.7477362436 23.8635467077
initialize EtaPi::Negative::P1- cartesian 31.5314788468 48.4359702652
initialize EtaPi::Negative::D0- cartesian 293.965935245 -48.6106852683
initialize EtaPi::Negative::D1- cartesian 9.5987434738 -15.7771518338
initialize EtaPi::Positive::P1+ cartesian 56.3877673089 -16.1402728111
initialize EtaPi::Positive::D1+ cartesian 53.3552218588 0 real
data EtaPi ROOTDataReader data_pi0eta_tLT1_18.root
genmc EtaPi ROOTDataReader thrown_pi0eta_tLT1_18.root
accmc EtaPi ROOTDataReader reco_pi0eta_tLT1_18.root
normintfile EtaPi bin_18.ni
