*** DO NOT EDIT THIS FILE - IT IS FORMATTED FOR INPUT ***
+++ Reactions, Amplitudes, and Scale Parameters +++
  1
  EtaPi	7
  EtaPi::Negative::S0-	-	1
  EtaPi::Negative::P0-	-	1
  EtaPi::Negative::P1-	-	1
  EtaPi::Negative::D0-	-	1
  EtaPi::Negative::D1-	-	1
  EtaPi::Positive::P1+	-	1
  EtaPi::Positive::D1+	-	1
+++ Likelihood Total and Partial Sums +++
  -12934.7022966486
  EtaPi	-12934.7022966486
+++ Fitter Information +++
  lastMinuitCommand	1
  lastMinuitCommandStatus	0
  eMatrixStatus	3
  minuitPrecision	1e-13
  minuitStrategy	1
  estDistToMinimum	6.55878469832758e-06
  bestMinimum	-12934.7022966486
+++ Parameter Values and Errors +++
  14
  EtaPi::Negative::S0-_re	-16.2268758534934
  EtaPi::Negative::S0-_im	0
  EtaPi::Negative::P0-_re	-24.7693266956462
  EtaPi::Negative::P0-_im	-1.24970159651331
  EtaPi::Negative::P1-_re	4.13542654708744
  EtaPi::Negative::P1-_im	-0.214931596263169
  EtaPi::Negative::D0-_re	6.23829210669139
  EtaPi::Negative::D0-_im	107.876160007911
  EtaPi::Negative::D1-_re	-0.216275501096842
  EtaPi::Negative::D1-_im	5.66456777146252
  EtaPi::Positive::P1+_re	-13.0216100635286
  EtaPi::Positive::P1+_im	0.00730707493963897
  EtaPi::Positive::D1+_re	11.2329612484018
  EtaPi::Positive::D1+_im	0
  73.283595681262	  0	  -62.1428836366889	  33.0603161936684	  8.64595701966004	  -4.8783579497867	  111.302027639385	  -7.41050390928206	  -2.03344435845088	  2.84498216739083	  15.7824769679406	  2.18400788776752	  -12.6174255357899	  0	
  0	  0	  0	  0	  0	  0	  0	  0	  0	  0	  0	  0	  0	  0	
  -62.1428836366889	  0	  76.7639316301888	  -32.039720914639	  -9.40394098926315	  5.05369200358239	  -111.99759633881	  11.6070049948348	  3.9815737316608	  -3.66646626769453	  -11.2284436914355	  1.17987410129349	  15.6002318641251	  0	
  33.0603161936684	  0	  -32.039720914639	  30.1999142989996	  3.11790309131605	  -3.90198945099964	  99.9057874781657	  -6.74186675383945	  1.40373895729055	  1.85442630023207	  14.6260708724282	  -0.943980656982471	  -0.620255046978715	  0	
  8.64595701966004	  0	  -9.40394098926315	  3.11790309131605	  42.3174350309249	  -9.11299076854459	  7.45946709858621	  -1.97629545762878	  -23.230580569816	  2.07777742352929	  2.82440023736477	  0.43048321594422	  -6.0283868815898	  0	
  -4.8783579497867	  0	  5.05369200358239	  -3.90198945099964	  -9.11299076854459	  6.54286048730329	  -14.099273618918	  1.25112258529676	  4.41651133620696	  -0.0969630068046145	  -2.63769896046335	  0.175872702623142	  0.842958387054481	  0	
  111.302027639385	  0	  -111.99759633881	  99.9057874781657	  7.45946709858621	  -14.099273618918	  392.626808067233	  -25.7467379355524	  9.6194556533365	  6.68150463266615	  58.921380086282	  -4.77373455982219	  1.57146924216987	  0	
  -7.41050390928206	  0	  11.6070049948348	  -6.74186675383945	  -1.97629545762878	  1.25112258529676	  -25.7467379355524	  6.22594612638168	  0.591918697785886	  -0.844183167895328	  -0.0932796508938675	  0.0353335027393986	  1.09182455656	  0	
  -2.03344435845088	  0	  3.9815737316608	  1.40373895729055	  -23.230580569816	  4.41651133620696	  9.6194556533365	  0.591918697785886	  25.0756574745918	  -2.42260424813316	  0.112425599569627	  -0.398005309698806	  4.68762413300378	  0	
  2.84498216739083	  0	  -3.66646626769453	  1.85442630023207	  2.07777742352929	  -0.0969630068046145	  6.68150463266615	  -0.844183167895328	  -2.42260424813316	  5.28172639780514	  0.782960172865196	  -0.0133742485146309	  -0.558949099512073	  0	
  15.7824769679406	  0	  -11.2284436914355	  14.6260708724282	  2.82440023736477	  -2.63769896046335	  58.921380086282	  -0.0932796508938675	  0.112425599569627	  0.782960172865196	  58.1889187070666	  3.81186199543685	  26.441440573104	  0	
  2.18400788776752	  0	  1.17987410129349	  -0.943980656982471	  0.43048321594422	  0.175872702623142	  -4.77373455982219	  0.0353335027393986	  -0.398005309698806	  -0.0133742485146309	  3.81186199543685	  190.291509718846	  -2.30488455354452	  0	
  -12.6174255357899	  0	  15.6002318641251	  -0.620255046978715	  -6.0283868815898	  0.842958387054481	  1.57146924216987	  1.09182455656	  4.68762413300378	  -0.558949099512073	  26.441440573104	  -2.30488455354452	  40.6745944106207	  0	
  0	  0	  0	  0	  0	  0	  0	  0	  0	  0	  0	  0	  0	  0	
+++ Normalization Integrals +++
  EtaPi
8384	8384
7
EtaPi::Negative::S0-
EtaPi::Negative::P0-
EtaPi::Negative::P1-
EtaPi::Negative::D0-
EtaPi::Negative::D1-
EtaPi::Positive::P1+
EtaPi::Positive::D1+
(0.0795772854596527,0)	(0.00199416217777748,-0)	(-2.81292510835505e-06,-0)	(-0.00106238654109123,-0)	(0.000890777115702576,-0)	(0,-0)	(0,-0)	
(0.00199416217777748,0)	(0.0786270580499338,0)	(0.000689992986859752,-0)	(0.00163841673930009,-0)	(-0.000663059615829269,-0)	(0,-0)	(0,-0)	
(-2.81292510835505e-06,0)	(0.000689992986859752,0)	(0.0797160333965951,0)	(-0.000571081525652752,-0)	(0.00134571249243916,-0)	(0,-0)	(0,-0)	
(-0.00106238654109123,0)	(0.00163841673930009,0)	(-0.000571081525652752,0)	(0.0791324004411816,0)	(6.5173011679136e-05,-0)	(0,-0)	(0,-0)	
(0.000890777115702576,0)	(-0.000663059615829269,0)	(0.00134571249243916,0)	(6.5173011679136e-05,0)	(0.0794833584645842,0)	(0,-0)	(0,-0)	
(0,0)	(0,0)	(0,0)	(0,0)	(0,0)	(0.0803887649323857,0)	(0.00191131141938071,-0)	
(0,0)	(0,0)	(0,0)	(0,0)	(0,0)	(0.00191131141938071,0)	(0.0786806801297944,0)	
(0.0795772854596527,0)	(0.00199416217777748,-0)	(-2.81292510835505e-06,-0)	(-0.00106238654109123,-0)	(0.000890777115702576,-0)	(0,-0)	(0,-0)	
(0.00199416217777748,0)	(0.0786270580499338,0)	(0.000689992986859752,-0)	(0.00163841673930009,-0)	(-0.000663059615829269,-0)	(0,-0)	(0,-0)	
(-2.81292510835505e-06,0)	(0.000689992986859752,0)	(0.0797160333965951,0)	(-0.000571081525652752,-0)	(0.00134571249243916,-0)	(0,-0)	(0,-0)	
(-0.00106238654109123,0)	(0.00163841673930009,0)	(-0.000571081525652752,0)	(0.0791324004411816,0)	(6.5173011679136e-05,-0)	(0,-0)	(0,-0)	
(0.000890777115702576,0)	(-0.000663059615829269,0)	(0.00134571249243916,0)	(6.5173011679136e-05,0)	(0.0794833584645842,0)	(0,-0)	(0,-0)	
(0,0)	(0,0)	(0,0)	(0,0)	(0,0)	(0.0803887649323857,0)	(0.00191131141938071,-0)	
(0,0)	(0,0)	(0,0)	(0,0)	(0,0)	(0.00191131141938071,0)	(0.0786806801297944,0)	
+++ Below these two lines is a config file that is   +++
+++ functionally equivalent to that used in the fit. +++
### FIT CONFIGURATION ###
fit bin_41
reaction EtaPi gamma Proton Pi0 Eta
sum EtaPi::Positive
sum EtaPi::Negative
amplitude EtaPi::Negative::S0- TwoPSAngles 0 0 -1
amplitude EtaPi::Negative::P0- TwoPSAngles 1 0 -1
amplitude EtaPi::Negative::P1- TwoPSAngles 1 1 -1
amplitude EtaPi::Negative::D0- TwoPSAngles 2 0 -1
amplitude EtaPi::Negative::D1- TwoPSAngles 2 1 -1
amplitude EtaPi::Positive::P1+ TwoPSAngles 1 1 1
amplitude EtaPi::Positive::D1+ TwoPSAngles 2 1 1
scale EtaPi::Negative::S0- 1.0
scale EtaPi::Negative::P0- 1.0
scale EtaPi::Negative::P1- 1.0
scale EtaPi::Negative::D0- 1.0
scale EtaPi::Negative::D1- 1.0
scale EtaPi::Positive::P1+ 1.0
scale EtaPi::Positive::D1+ 1.0
initialize EtaPi::Negative::S0- cartesian 128.603041979 0 real
initialize EtaPi::Negative::P0- cartesian 37.0077614624 76.6759563075
initialize EtaPi::Negative::P1- cartesian 12.8357961571 2.02118778271
initialize EtaPi::Negative::D0- cartesian 315.805870529 -6.11074472758
initialize EtaPi::Negative::D1- cartesian 5.33750835294 -7.10402958871
initialize EtaPi::Positive::P1+ cartesian 30.6528832339 -15.8584383282
initialize EtaPi::Positive::D1+ cartesian 20.4925936214 0 real
data EtaPi ROOTDataReader data_pi0eta_tLT1_41.root
genmc EtaPi ROOTDataReader thrown_pi0eta_tLT1_41.root
accmc EtaPi ROOTDataReader reco_pi0eta_tLT1_41.root
normintfile EtaPi bin_41.ni
