*** DO NOT EDIT THIS FILE - IT IS FORMATTED FOR INPUT ***
+++ Reactions, Amplitudes, and Scale Parameters +++
  1
  EtaPi	7
  EtaPi::Negative::S0-	-	1
  EtaPi::Negative::P0-	-	1
  EtaPi::Negative::P1-	-	1
  EtaPi::Negative::D0-	-	1
  EtaPi::Negative::D1-	-	1
  EtaPi::Positive::P1+	-	1
  EtaPi::Positive::D1+	-	1
+++ Likelihood Total and Partial Sums +++
  -18983.4575047732
  EtaPi	-18983.4575047732
+++ Fitter Information +++
  lastMinuitCommand	1
  lastMinuitCommandStatus	0
  eMatrixStatus	3
  minuitPrecision	1e-13
  minuitStrategy	1
  estDistToMinimum	1.55952237523778e-05
  bestMinimum	-18983.4575047732
+++ Parameter Values and Errors +++
  14
  EtaPi::Negative::S0-_re	4.32271133568527
  EtaPi::Negative::S0-_im	0
  EtaPi::Negative::P0-_re	4.69751110746487
  EtaPi::Negative::P0-_im	-6.87956132761278
  EtaPi::Negative::P1-_re	-8.79478347916049
  EtaPi::Negative::P1-_im	11.7371546230551
  EtaPi::Negative::D0-_re	98.0303429024877
  EtaPi::Negative::D0-_im	85.091568002145
  EtaPi::Negative::D1-_re	4.90159942523483
  EtaPi::Negative::D1-_im	-2.87461691214661
  EtaPi::Positive::P1+_re	16.8352162912439
  EtaPi::Positive::P1+_im	0.000441160943396909
  EtaPi::Positive::D1+_re	13.8876984741086
  EtaPi::Positive::D1+_im	0
  9.49369328309933	  0	  2.3177575692048	  1.04995309753549	  -8.39635590214664	  1.21628007991557	  -27.8221902235293	  30.3031152552021	  0.756719861502855	  1.89429846690603	  6.71657118066888	  0.823770533401417	  -5.26773951647964	  0	
  0	  0	  0	  0	  0	  0	  0	  0	  0	  0	  0	  0	  0	  0	
  2.3177575692048	  0	  37.9093569981102	  -26.4672065902179	  -11.9918952093577	  -9.40947541463596	  -88.8538008303446	  100.430677014784	  -1.59160407424643	  10.2573307340963	  -3.50722662651682	  0.19028189802751	  -5.47383300098817	  0	
  1.04995309753549	  0	  -26.4672065902179	  33.6609511886832	  0.708275565587518	  -1.29156509770454	  1.7899469618349	  0.19959889910109	  5.83722181485091	  -6.52534984969028	  1.85651517214908	  0.156644599235761	  5.48387326795726	  0	
  -8.39635590214664	  0	  -11.9918952093577	  0.708275565587518	  32.5443769413038	  -6.53062973354519	  94.3530075762913	  -104.359911547022	  -0.483196064353854	  -9.47220360949948	  -1.95133383175171	  -0.245217779896765	  4.5228910871824	  0	
  1.21628007991557	  0	  -9.40947541463596	  -1.29156509770454	  -6.53062973354519	  31.425069698866	  80.1140868289742	  -96.4170749850088	  -7.27472094684545	  1.43771793602444	  3.59912512863777	  0.122879690159386	  -2.27711463431007	  0	
  -27.8221902235293	  0	  -88.8538008303446	  1.7899469618349	  94.3530075762913	  80.1140868289742	  702.560576391065	  -803.528601746858	  -26.5488872996367	  -37.3368333599099	  6.0960535091534	  -0.639611833849877	  8.57427788548981	  0	
  30.3031152552021	  0	  100.430677014784	  0.19959889910109	  -104.359911547022	  -96.4170749850088	  -803.528601746858	  928.365505112428	  30.6561773056885	  42.4483285333221	  -12.3257751307952	  -0.274139305575423	  -8.37880055119381	  0	
  0.756719861502855	  0	  -1.59160407424643	  5.83722181485091	  -0.483196064353854	  -7.27472094684545	  -26.5488872996367	  30.6561773056885	  14.7983041518286	  -9.071909389997	  0.832613428197063	  -0.334662805026146	  2.00260313391875	  0	
  1.89429846690603	  0	  10.2573307340963	  -6.52534984969028	  -9.47220360949948	  1.43771793602444	  -37.3368333599099	  42.4483285333221	  -9.071909389997	  17.1997727941241	  -1.41641660473454	  0.401116413185511	  -2.79918812902478	  0	
  6.71657118066888	  0	  -3.50722662651682	  1.85651517214908	  -1.95133383175171	  3.59912512863777	  6.0960535091534	  -12.3257751307952	  0.832613428197063	  -1.41641660473454	  46.0196134576187	  -2.26283238589168	  -24.1484188040681	  0	
  0.823770533401417	  0	  0.19028189802751	  0.156644599235761	  -0.245217779896765	  0.122879690159386	  -0.639611833849877	  -0.274139305575423	  -0.334662805026146	  0.401116413185511	  -2.26283238589168	  160.556391498619	  -2.07746345151738	  0	
  -5.26773951647964	  0	  -5.47383300098817	  5.48387326795726	  4.5228910871824	  -2.27711463431007	  8.57427788548981	  -8.37880055119381	  2.00260313391875	  -2.79918812902478	  -24.1484188040681	  -2.07746345151738	  33.3655510344477	  0	
  0	  0	  0	  0	  0	  0	  0	  0	  0	  0	  0	  0	  0	  0	
+++ Normalization Integrals +++
  EtaPi
8448	8448
7
EtaPi::Negative::S0-
EtaPi::Negative::P0-
EtaPi::Negative::P1-
EtaPi::Negative::D0-
EtaPi::Negative::D1-
EtaPi::Positive::P1+
EtaPi::Positive::D1+
(0.0795772854596528,0)	(-0.000433008432103874,-0)	(0.000599649788198625,-0)	(-0.000881943452504416,-0)	(0.000480378207159257,-0)	(0,-0)	(0,-0)	
(-0.000433008432103874,0)	(0.0787884512547939,0)	(0.000372099359241755,-0)	(-0.00058958789684612,-0)	(0.000550895144099,-0)	(0,-0)	(0,-0)	
(0.000599649788198625,0)	(0.000372099359241755,0)	(0.0808189679517435,0)	(-0.00019333965494152,-0)	(9.26537063864922e-05,-0)	(0,-0)	(0,-0)	
(-0.000881943452504416,0)	(-0.00058958789684612,0)	(-0.00019333965494152,0)	(0.0804227128846376,0)	(-0.000753179957103163,-0)	(0,-0)	(0,-0)	
(0.000480378207159257,0)	(0.000550895144099,0)	(9.26537063864922e-05,0)	(-0.000753179957103163,0)	(0.0793177246420666,0)	(0,-0)	(0,-0)	
(0,0)	(0,0)	(0,0)	(0,0)	(0,0)	(0.0791244371723777,0)	(-0.000529879208680176,-0)	
(0,0)	(0,0)	(0,0)	(0,0)	(0,0)	(-0.000529879208680176,0)	(0.0773948860358042,0)	
(0.0795772854596528,0)	(-0.000433008432103874,-0)	(0.000599649788198625,-0)	(-0.000881943452504416,-0)	(0.000480378207159257,-0)	(0,-0)	(0,-0)	
(-0.000433008432103874,0)	(0.0787884512547939,0)	(0.000372099359241755,-0)	(-0.00058958789684612,-0)	(0.000550895144099,-0)	(0,-0)	(0,-0)	
(0.000599649788198625,0)	(0.000372099359241755,0)	(0.0808189679517435,0)	(-0.00019333965494152,-0)	(9.26537063864922e-05,-0)	(0,-0)	(0,-0)	
(-0.000881943452504416,0)	(-0.00058958789684612,0)	(-0.00019333965494152,0)	(0.0804227128846376,0)	(-0.000753179957103163,-0)	(0,-0)	(0,-0)	
(0.000480378207159257,0)	(0.000550895144099,0)	(9.26537063864922e-05,0)	(-0.000753179957103163,0)	(0.0793177246420666,0)	(0,-0)	(0,-0)	
(0,0)	(0,0)	(0,0)	(0,0)	(0,0)	(0.0791244371723777,0)	(-0.000529879208680176,-0)	
(0,0)	(0,0)	(0,0)	(0,0)	(0,0)	(-0.000529879208680176,0)	(0.0773948860358042,0)	
+++ Below these two lines is a config file that is   +++
+++ functionally equivalent to that used in the fit. +++
### FIT CONFIGURATION ###
fit bin_39
reaction EtaPi gamma Proton Pi0 Eta
sum EtaPi::Positive
sum EtaPi::Negative
amplitude EtaPi::Negative::S0- TwoPSAngles 0 0 -1
amplitude EtaPi::Negative::P0- TwoPSAngles 1 0 -1
amplitude EtaPi::Negative::P1- TwoPSAngles 1 1 -1
amplitude EtaPi::Negative::D0- TwoPSAngles 2 0 -1
amplitude EtaPi::Negative::D1- TwoPSAngles 2 1 -1
amplitude EtaPi::Positive::P1+ TwoPSAngles 1 1 1
amplitude EtaPi::Positive::D1+ TwoPSAngles 2 1 1
scale EtaPi::Negative::S0- 1.0
scale EtaPi::Negative::P0- 1.0
scale EtaPi::Negative::P1- 1.0
scale EtaPi::Negative::D0- 1.0
scale EtaPi::Negative::D1- 1.0
scale EtaPi::Positive::P1+ 1.0
scale EtaPi::Positive::D1+ 1.0
initialize EtaPi::Negative::S0- cartesian 101.047080907 0 real
initialize EtaPi::Negative::P0- cartesian 27.8605683696 1.70789543764
initialize EtaPi::Negative::P1- cartesian -7.70543056329 16.7392886924
initialize EtaPi::Negative::D0- cartesian 239.458040567 -8.71960559238
initialize EtaPi::Negative::D1- cartesian 4.6475658605 -6.25024011514
initialize EtaPi::Positive::P1+ cartesian 55.3980121022 -13.0133996023
initialize EtaPi::Positive::D1+ cartesian 72.4099722466 0 real
data EtaPi ROOTDataReader data_pi0eta_tLT1_39.root
genmc EtaPi ROOTDataReader thrown_pi0eta_tLT1_39.root
accmc EtaPi ROOTDataReader reco_pi0eta_tLT1_39.root
normintfile EtaPi bin_39.ni
