*** DO NOT EDIT THIS FILE - IT IS FORMATTED FOR INPUT ***
+++ Reactions, Amplitudes, and Scale Parameters +++
  1
  EtaPi	7
  EtaPi::Negative::S0-	-	1
  EtaPi::Negative::P0-	-	1
  EtaPi::Negative::P1-	-	1
  EtaPi::Negative::D0-	-	1
  EtaPi::Negative::D1-	-	1
  EtaPi::Positive::P1+	-	1
  EtaPi::Positive::D1+	-	1
+++ Likelihood Total and Partial Sums +++
  -84598.676675234
  EtaPi	-84598.676675234
+++ Fitter Information +++
  lastMinuitCommand	1
  lastMinuitCommandStatus	0
  eMatrixStatus	3
  minuitPrecision	1e-13
  minuitStrategy	1
  estDistToMinimum	6.80470928158556e-06
  bestMinimum	-84598.676675234
+++ Parameter Values and Errors +++
  14
  EtaPi::Negative::S0-_re	27.7214222683496
  EtaPi::Negative::S0-_im	0
  EtaPi::Negative::P0-_re	-10.8081302102638
  EtaPi::Negative::P0-_im	2.00445864337108
  EtaPi::Negative::P1-_re	-9.21159246556673
  EtaPi::Negative::P1-_im	-1.55229878317389
  EtaPi::Negative::D0-_re	8.38015074252548
  EtaPi::Negative::D0-_im	-257.625483731094
  EtaPi::Negative::D1-_re	-2.28911840121799
  EtaPi::Negative::D1-_im	0.0860747218621246
  EtaPi::Positive::P1+_re	0.60024398990426
  EtaPi::Positive::P1+_im	0.0191061169816168
  EtaPi::Positive::D1+_re	0.490442556013692
  EtaPi::Positive::D1+_im	0
  102.653917346498	  0	  58.2886433092369	  3.49238499506566	  41.0679857587368	  0.773710723494851	  -14.5644336408335	  4.3189889881066	  30.0093545582718	  0.818005307809908	  -105.747953306827	  -10.8689584303891	  -86.4642247355721	  0	
  0	  0	  0	  0	  0	  0	  0	  0	  0	  0	  0	  0	  0	  0	
  58.2886433092369	  0	  85.6971400276327	  6.23269222813939	  39.1450805927368	  -0.900783565324063	  -2.9083945749275	  0.994180999867652	  32.3821937467508	  0.563207828397501	  -31.7163991214169	  0.417396557037422	  -25.1946097226612	  0	
  3.49238499506566	  0	  6.23269222813939	  4.30075284914887	  2.73215429498754	  0.265885333729448	  -11.457297291592	  -0.549524656014014	  2.18256663189478	  0.0116649209499886	  -2.24828031681205	  -0.625081647251796	  -1.08393128285637	  0	
  41.0679857587368	  0	  39.1450805927368	  2.73215429498754	  65.3787757919385	  -2.8446243894428	  -8.32738315764194	  0.0714560767792019	  28.6143800801608	  0.881189401864407	  -19.0806682540096	  -1.50064205705432	  -15.1612559510496	  0	
  0.773710723494851	  0	  -0.900783565324063	  0.265885333729448	  -2.8446243894428	  3.99122062968977	  -10.3340393100708	  -0.298734678377582	  -0.903654855558556	  -0.100457198564456	  -4.25842511311963	  -0.966071953680693	  -2.92442181286012	  0	
  -14.5644336408335	  0	  -2.9083945749275	  -11.457297291592	  -8.32738315764194	  -10.3340393100708	  321.807334857854	  13.4780403285007	  -3.13677234738367	  -2.85928292427318	  62.8483382888791	  21.6722220833478	  34.7937647954191	  0	
  4.3189889881066	  0	  0.994180999867652	  -0.549524656014014	  0.0714560767792019	  -0.298734678377582	  13.4780403285007	  4.35855066772744	  0.457924411015134	  -0.179569974638044	  6.47463309982129	  1.81262875937619	  3.87607963093347	  0	
  30.0093545582718	  0	  32.3821937467508	  2.18256663189478	  28.6143800801608	  -0.903654855558556	  -3.13677234738367	  0.457924411015134	  39.5980754937518	  1.00985602026249	  -13.3923521836403	  -0.993271651454696	  -10.5412673776194	  0	
  0.818005307809908	  0	  0.563207828397501	  0.0116649209499886	  0.881189401864407	  -0.100457198564456	  -2.85928292427318	  -0.179569974638044	  1.00985602026249	  3.65556391417218	  -2.32628242355289	  -0.365648754203709	  -1.76942350816901	  0	
  -105.747953306827	  0	  -31.7163991214169	  -2.24828031681205	  -19.0806682540096	  -4.25842511311963	  62.8483382888791	  6.47463309982129	  -13.3923521836403	  -2.32628242355289	  729.932928976718	  -57.8801581096371	  452.071658239015	  0	
  -10.8689584303891	  0	  0.417396557037422	  -0.625081647251796	  -1.50064205705432	  -0.966071953680693	  21.6722220833478	  1.81262875937619	  -0.993271651454696	  -0.365648754203709	  -57.8801581096371	  308.547026885376	  -47.0766923086949	  0	
  -86.4642247355721	  0	  -25.1946097226612	  -1.08393128285637	  -15.1612559510496	  -2.92442181286012	  34.7937647954191	  3.87607963093347	  -10.5412673776194	  -1.76942350816901	  452.071658239015	  -47.0766923086949	  482.912627059234	  0	
  0	  0	  0	  0	  0	  0	  0	  0	  0	  0	  0	  0	  0	  0	
+++ Normalization Integrals +++
  EtaPi
8453	8453
7
EtaPi::Negative::S0-
EtaPi::Negative::P0-
EtaPi::Negative::P1-
EtaPi::Negative::D0-
EtaPi::Negative::D1-
EtaPi::Positive::P1+
EtaPi::Positive::D1+
(0.0795772854596528,0)	(0.000273411201093981,-0)	(0.000475979229648096,-0)	(-0.000111568408732905,-0)	(-0.0004908526461781,-0)	(0,-0)	(0,-0)	
(0.000273411201093981,0)	(0.079477495641211,0)	(-0.00038021282481793,-0)	(0.00152371930060186,-0)	(0.00037014201727542,-0)	(0,-0)	(0,-0)	
(0.000475979229648096,0)	(-0.00038021282481793,0)	(0.0796273568673852,0)	(-0.000211608566717029,-0)	(0.000627004752868243,-0)	(0,-0)	(0,-0)	
(-0.000111568408732905,0)	(0.00152371930060186,0)	(-0.000211608566717029,0)	(0.0779085745893656,0)	(0.000851500434344071,-0)	(0,-0)	(0,-0)	
(-0.0004908526461781,0)	(0.00037014201727542,0)	(0.000627004752868243,0)	(0.000851500434344071,0)	(0.0806140610802172,0)	(0,-0)	(0,-0)	
(0,0)	(0,0)	(0,0)	(0,0)	(0,0)	(0.0796270038703195,0)	(-0.00168049956394303,-0)	
(0,0)	(0,0)	(0,0)	(0,0)	(0,0)	(-0.00168049956394303,0)	(0.0805991413020452,0)	
(0.0795772854596528,0)	(0.000273411201093981,-0)	(0.000475979229648096,-0)	(-0.000111568408732905,-0)	(-0.0004908526461781,-0)	(0,-0)	(0,-0)	
(0.000273411201093981,0)	(0.079477495641211,0)	(-0.00038021282481793,-0)	(0.00152371930060186,-0)	(0.00037014201727542,-0)	(0,-0)	(0,-0)	
(0.000475979229648096,0)	(-0.00038021282481793,0)	(0.0796273568673852,0)	(-0.000211608566717029,-0)	(0.000627004752868243,-0)	(0,-0)	(0,-0)	
(-0.000111568408732905,0)	(0.00152371930060186,0)	(-0.000211608566717029,0)	(0.0779085745893656,0)	(0.000851500434344071,-0)	(0,-0)	(0,-0)	
(-0.0004908526461781,0)	(0.00037014201727542,0)	(0.000627004752868243,0)	(0.000851500434344071,0)	(0.0806140610802172,0)	(0,-0)	(0,-0)	
(0,0)	(0,0)	(0,0)	(0,0)	(0,0)	(0.0796270038703195,0)	(-0.00168049956394303,-0)	
(0,0)	(0,0)	(0,0)	(0,0)	(0,0)	(-0.00168049956394303,0)	(0.0805991413020452,0)	
+++ Below these two lines is a config file that is   +++
+++ functionally equivalent to that used in the fit. +++
### FIT CONFIGURATION ###
fit bin_34
reaction EtaPi gamma Proton Pi0 Eta
sum EtaPi::Positive
sum EtaPi::Negative
amplitude EtaPi::Negative::S0- TwoPSAngles 0 0 -1
amplitude EtaPi::Negative::P0- TwoPSAngles 1 0 -1
amplitude EtaPi::Negative::P1- TwoPSAngles 1 1 -1
amplitude EtaPi::Negative::D0- TwoPSAngles 2 0 -1
amplitude EtaPi::Negative::D1- TwoPSAngles 2 1 -1
amplitude EtaPi::Positive::P1+ TwoPSAngles 1 1 1
amplitude EtaPi::Positive::D1+ TwoPSAngles 2 1 1
scale EtaPi::Negative::S0- 1.0
scale EtaPi::Negative::P0- 1.0
scale EtaPi::Negative::P1- 1.0
scale EtaPi::Negative::D0- 1.0
scale EtaPi::Negative::D1- 1.0
scale EtaPi::Positive::P1+ 1.0
scale EtaPi::Positive::D1+ 1.0
initialize EtaPi::Negative::S0- cartesian 407.938932003 0 real
initialize EtaPi::Negative::P0- cartesian 37.7305556076 43.8665066773
initialize EtaPi::Negative::P1- cartesian 13.6880776969 6.12985197171
initialize EtaPi::Negative::D0- cartesian 140.060934477 14.7320979271
initialize EtaPi::Negative::D1- cartesian 0.2432478703 -13.3963387795
initialize EtaPi::Positive::P1+ cartesian 56.3724151096 -23.9248832202
initialize EtaPi::Positive::D1+ cartesian 77.2194193314 0 real
data EtaPi ROOTDataReader data_pi0eta_tLT1_34.root
genmc EtaPi ROOTDataReader thrown_pi0eta_tLT1_34.root
accmc EtaPi ROOTDataReader reco_pi0eta_tLT1_34.root
normintfile EtaPi bin_34.ni
