*** DO NOT EDIT THIS FILE - IT IS FORMATTED FOR INPUT ***
+++ Reactions, Amplitudes, and Scale Parameters +++
  1
  EtaPi	7
  EtaPi::Negative::S0-	-	1
  EtaPi::Negative::P0-	-	1
  EtaPi::Negative::P1-	-	1
  EtaPi::Negative::D0-	-	1
  EtaPi::Negative::D1-	-	1
  EtaPi::Positive::P1+	-	1
  EtaPi::Positive::D1+	-	1
+++ Likelihood Total and Partial Sums +++
  -7987.75057300648
  EtaPi	-7987.75057300648
+++ Fitter Information +++
  lastMinuitCommand	1
  lastMinuitCommandStatus	0
  eMatrixStatus	3
  minuitPrecision	1e-13
  minuitStrategy	1
  estDistToMinimum	4.31020638166773e-06
  bestMinimum	-7987.75057300648
+++ Parameter Values and Errors +++
  14
  EtaPi::Negative::S0-_re	90.3818268166583
  EtaPi::Negative::S0-_im	0
  EtaPi::Negative::P0-_re	1.59274352404126
  EtaPi::Negative::P0-_im	-13.6354993079063
  EtaPi::Negative::P1-_re	-0.736199289616549
  EtaPi::Negative::P1-_im	-10.5139274938789
  EtaPi::Negative::D0-_re	-0.315898822978015
  EtaPi::Negative::D0-_im	11.4382005949373
  EtaPi::Negative::D1-_re	1.67776532937191
  EtaPi::Negative::D1-_im	-12.8092456698359
  EtaPi::Positive::P1+_re	13.6857537212914
  EtaPi::Positive::P1+_im	0.0072620023746239
  EtaPi::Positive::D1+_re	6.89436666343021
  EtaPi::Positive::D1+_im	0
  23.708407662736	  0	  14.4226364934205	  3.23692012582796	  4.67519722703127	  57.729276266986	  -9.93607489131593	  19.3312317539232	  6.87010896309772	  20.0642404979319	  -92.8199847089821	  -1.4887061137786	  10.2487803638096	  0	
  0	  0	  0	  0	  0	  0	  0	  0	  0	  0	  0	  0	  0	  0	
  14.4226364934205	  0	  32.468365794552	  -48.5158389912859	  0.576420823308517	  61.5606234423108	  -16.1020339837659	  39.0538704983393	  3.28417657740786	  40.6033010997674	  -87.8373884887417	  36.3487023923752	  -24.5100890719487	  0	
  3.23692012582796	  0	  -48.5158389912859	  241.115855192347	  12.6889422182383	  10.471631963368	  27.5016386788214	  9.39195956741959	  26.8985024457469	  -121.064956985202	  75.5946194202238	  -40.6910791299574	  68.6299580075274	  0	
  4.67519722703127	  0	  0.576420823308517	  12.6889422182383	  5.57537849643414	  12.754283289472	  -0.0370016359630208	  2.66460323170918	  2.59698280202448	  2.64266156696275	  -10.8996527368845	  -2.25599643698648	  5.00120884704581	  0	
  57.729276266986	  0	  61.5606234423108	  10.471631963368	  12.754283289472	  286.651671223238	  -41.1078084284145	  122.48944567752	  38.3643656774172	  24.6038092627774	  -264.520560042688	  49.5443517072519	  19.8872722438111	  0	
  -9.93607489131593	  0	  -16.1020339837659	  27.5016386788214	  -0.0370016359630208	  -41.1078084284145	  15.8241695168695	  -25.267313829769	  -2.97784152306076	  -17.9220615519545	  75.5787989153659	  -20.0116007288253	  -8.89225860473427	  0	
  19.3312317539232	  0	  39.0538704983393	  9.39195956741959	  2.66460323170918	  122.48944567752	  -25.267313829769	  134.204149755518	  21.1032426070669	  13.9205168134823	  -139.175750906768	  53.7982459923723	  4.11567371557626	  0	
  6.87010896309772	  0	  3.28417657740786	  26.8985024457469	  2.59698280202448	  38.3643656774172	  -2.97784152306076	  21.1032426070669	  11.658196727914	  -12.7527431961806	  -25.8439623430515	  4.64848121015617	  9.49384966568379	  0	
  20.0642404979319	  0	  40.6033010997674	  -121.064956985202	  2.64266156696275	  24.6038092627774	  -17.9220615519545	  13.9205168134823	  -12.7527431961806	  138.825285832812	  -108.136599612783	  24.7837982602527	  -33.4446282736828	  0	
  -92.8199847089821	  0	  -87.8373884887417	  75.5946194202238	  -10.8996527368845	  -264.520560042688	  75.5787989153659	  -139.175750906768	  -25.8439623430515	  -108.136599612783	  676.020957752365	  -492.834101793188	  -148.089146046023	  0	
  -1.4887061137786	  0	  36.3487023923752	  -40.6910791299574	  -2.25599643698648	  49.5443517072519	  -20.0116007288253	  53.7982459923723	  4.64848121015617	  24.7837982602527	  -492.834101793188	  2402.10445399552	  107.425456792473	  0	
  10.2487803638096	  0	  -24.5100890719487	  68.6299580075274	  5.00120884704581	  19.8872722438111	  -8.89225860473427	  4.11567371557626	  9.49384966568379	  -33.4446282736828	  -148.089146046023	  107.425456792473	  218.444831516019	  0	
  0	  0	  0	  0	  0	  0	  0	  0	  0	  0	  0	  0	  0	  0	
+++ Normalization Integrals +++
  EtaPi
8457	8457
7
EtaPi::Negative::S0-
EtaPi::Negative::P0-
EtaPi::Negative::P1-
EtaPi::Negative::D0-
EtaPi::Negative::D1-
EtaPi::Positive::P1+
EtaPi::Positive::D1+
(0.0795772854596528,0)	(-0.00067962043583674,-0)	(0.000322857047486872,-0)	(0.00113019018803288,-0)	(-0.000747421275341109,-0)	(0,-0)	(0,-0)	
(-0.00067962043583674,0)	(0.0805881582948164,0)	(-0.000578950030399447,-0)	(-0.000951560697462236,-0)	(0.00110053236767982,-0)	(0,-0)	(0,-0)	
(0.000322857047486872,0)	(-0.000578950030399447,0)	(0.0791692529142787,0)	(0.000592123835500003,-0)	(3.6772391290445e-05,-0)	(0,-0)	(0,-0)	
(0.00113019018803288,0)	(-0.000951560697462236,0)	(0.000592123835500003,0)	(0.0797023634656327,0)	(0.000767906200384941,-0)	(0,-0)	(0,-0)	
(-0.000747421275341109,0)	(0.00110053236767982,0)	(3.6772391290445e-05,0)	(0.000767906200384941,0)	(0.0802685408074169,0)	(0,-0)	(0,-0)	
(0,0)	(0,0)	(0,0)	(0,0)	(0,0)	(0.0789744451698203,0)	(-0.000692777161455544,-0)	
(0,0)	(0,0)	(0,0)	(0,0)	(0,0)	(-0.000692777161455544,0)	(0.0804040474958318,0)	
(0.0795772854596528,0)	(-0.00067962043583674,-0)	(0.000322857047486872,-0)	(0.00113019018803288,-0)	(-0.000747421275341109,-0)	(0,-0)	(0,-0)	
(-0.00067962043583674,0)	(0.0805881582948164,0)	(-0.000578950030399447,-0)	(-0.000951560697462236,-0)	(0.00110053236767982,-0)	(0,-0)	(0,-0)	
(0.000322857047486872,0)	(-0.000578950030399447,0)	(0.0791692529142787,0)	(0.000592123835500003,-0)	(3.6772391290445e-05,-0)	(0,-0)	(0,-0)	
(0.00113019018803288,0)	(-0.000951560697462236,0)	(0.000592123835500003,0)	(0.0797023634656327,0)	(0.000767906200384941,-0)	(0,-0)	(0,-0)	
(-0.000747421275341109,0)	(0.00110053236767982,0)	(3.6772391290445e-05,0)	(0.000767906200384941,0)	(0.0802685408074169,0)	(0,-0)	(0,-0)	
(0,0)	(0,0)	(0,0)	(0,0)	(0,0)	(0.0789744451698203,0)	(-0.000692777161455544,-0)	
(0,0)	(0,0)	(0,0)	(0,0)	(0,0)	(-0.000692777161455544,0)	(0.0804040474958318,0)	
+++ Below these two lines is a config file that is   +++
+++ functionally equivalent to that used in the fit. +++
### FIT CONFIGURATION ###
fit bin_0
reaction EtaPi gamma Proton Pi0 Eta
sum EtaPi::Positive
sum EtaPi::Negative
amplitude EtaPi::Negative::S0- TwoPSAngles 0 0 -1
amplitude EtaPi::Negative::P0- TwoPSAngles 1 0 -1
amplitude EtaPi::Negative::P1- TwoPSAngles 1 1 -1
amplitude EtaPi::Negative::D0- TwoPSAngles 2 0 -1
amplitude EtaPi::Negative::D1- TwoPSAngles 2 1 -1
amplitude EtaPi::Positive::P1+ TwoPSAngles 1 1 1
amplitude EtaPi::Positive::D1+ TwoPSAngles 2 1 1
scale EtaPi::Negative::S0- 1.0
scale EtaPi::Negative::P0- 1.0
scale EtaPi::Negative::P1- 1.0
scale EtaPi::Negative::D0- 1.0
scale EtaPi::Negative::D1- 1.0
scale EtaPi::Positive::P1+ 1.0
scale EtaPi::Positive::D1+ 1.0
initialize EtaPi::Negative::S0- cartesian 475.959261074 0 real
initialize EtaPi::Negative::P0- cartesian 11.3138466612 1.41852165094
initialize EtaPi::Negative::P1- cartesian 38.6631038602 32.4473284698
initialize EtaPi::Negative::D0- cartesian 332.612334231 -36.3097972354
initialize EtaPi::Negative::D1- cartesian 11.2628154269 1.37017686928
initialize EtaPi::Positive::P1+ cartesian 27.8830247807 -27.8478228539
initialize EtaPi::Positive::D1+ cartesian 72.6294430852 0 real
data EtaPi ROOTDataReader data_pi0eta_tLT1_0.root
genmc EtaPi ROOTDataReader thrown_pi0eta_tLT1_0.root
accmc EtaPi ROOTDataReader reco_pi0eta_tLT1_0.root
normintfile EtaPi bin_0.ni
