*** DO NOT EDIT THIS FILE - IT IS FORMATTED FOR INPUT ***
+++ Reactions, Amplitudes, and Scale Parameters +++
  1
  EtaPi	7
  EtaPi::Negative::S0-	-	1
  EtaPi::Negative::P0-	-	1
  EtaPi::Negative::P1-	-	1
  EtaPi::Negative::D0-	-	1
  EtaPi::Negative::D1-	-	1
  EtaPi::Positive::P1+	-	1
  EtaPi::Positive::D1+	-	1
+++ Likelihood Total and Partial Sums +++
  -10129.3002894747
  EtaPi	-10129.3002894747
+++ Fitter Information +++
  lastMinuitCommand	1
  lastMinuitCommandStatus	0
  eMatrixStatus	2
  minuitPrecision	1e-13
  minuitStrategy	1
  estDistToMinimum	2.66728027758127e-05
  bestMinimum	-10129.3002894747
+++ Parameter Values and Errors +++
  14
  EtaPi::Negative::S0-_re	5.40885023531367
  EtaPi::Negative::S0-_im	0
  EtaPi::Negative::P0-_re	2.29738966321455
  EtaPi::Negative::P0-_im	-0.0431900724601138
  EtaPi::Negative::P1-_re	19.9641778859676
  EtaPi::Negative::P1-_im	8.54033498485859
  EtaPi::Negative::D0-_re	57.8272861565293
  EtaPi::Negative::D0-_im	-79.0945386925683
  EtaPi::Negative::D1-_re	-0.516965151039611
  EtaPi::Negative::D1-_im	-3.420179325817
  EtaPi::Positive::P1+_re	-11.0523369484589
  EtaPi::Positive::P1+_im	0.00320762788955475
  EtaPi::Positive::D1+_re	6.66621624256913
  EtaPi::Positive::D1+_im	0
  16.8303075956565	  0	  -0.24762414996487	  -3.21137607609819	  14.2840627577911	  -26.4051151609186	  -97.129696702355	  -69.1858142221559	  -4.37764910772774	  -0.887497750748708	  -3.76343247424332	  0.825679764399139	  -4.74027417322853	  0	
  0	  0	  0	  0	  0	  0	  0	  0	  0	  0	  0	  0	  0	  0	
  -0.24762414996487	  0	  18.2983676176183	  11.2997886115383	  -0.331187060345739	  -1.99747318583444	  -2.75803298629511	  -1.46855984231023	  -0.218764143906267	  -0.462573649328868	  -1.12581754223253	  -1.14676412831064	  3.68525822040974	  0	
  -3.21137607609819	  0	  11.2997886115383	  14.0348317139524	  -6.13243538175687	  12.3690152695569	  49.1657249992197	  36.4729879212545	  1.990008295902	  -0.204788582710692	  -3.19274089707284	  -0.566849309480351	  1.78329871024357	  0	
  14.2840627577911	  0	  -0.331187060345739	  -6.13243538175687	  31.7663067771797	  -43.7904723354342	  -178.695457206352	  -128.638856732104	  -8.58200116168539	  -0.899579136876802	  10.8209357935325	  -4.33829046135791	  0.994648936954644	  0	
  -26.4051151609186	  0	  -1.99747318583444	  12.3690152695569	  -43.7904723354342	  136.546020765905	  464.895583100644	  343.779594765512	  21.7701810138254	  0.958771790980423	  -22.7205231028557	  4.04871770117337	  -8.70382047185463	  0	
  -97.129696702355	  0	  -2.75803298629511	  49.1657249992197	  -178.695457206352	  464.895583100644	  1687.09853499953	  1239.6292588687	  79.378309518783	  4.44370215212927	  -91.0391255286598	  21.4295505989839	  -30.6867373907769	  0	
  -69.1858142221559	  0	  -1.46855984231023	  36.4729879212545	  -128.638856732104	  343.779594765512	  1239.6292588687	  917.552126159964	  58.5635269843751	  3.10504131757185	  -73.9867132229853	  17.7381357424398	  -24.2392988616797	  0	
  -4.37764910772774	  0	  -0.218764143906267	  1.990008295902	  -8.58200116168539	  21.7701810138254	  79.378309518783	  58.5635269843751	  12.7493638504188	  4.19902087575388	  -4.95997248166798	  -2.234344269131	  2.83358140364287	  0	
  -0.887497750748708	  0	  -0.462573649328868	  -0.204788582710692	  -0.899579136876802	  0.958771790980423	  4.44370215212927	  3.10504131757185	  4.19902087575388	  8.06140311038379	  0.399191917046139	  -3.03282927953439	  4.21694217790007	  0	
  -3.76343247424332	  0	  -1.12581754223253	  -3.19274089707284	  10.8209357935325	  -22.7205231028557	  -91.0391255286598	  -73.9867132229853	  -4.95997248166798	  0.399191917046139	  85.0145721750756	  28.8232927869295	  38.538537706589	  0	
  0.825679764399139	  0	  -1.14676412831064	  -0.566849309480351	  -4.33829046135791	  4.04871770117337	  21.4295505989839	  17.7381357424398	  -2.234344269131	  -3.03282927953439	  28.8232927869295	  447.048661808636	  0.784923826233641	  0	
  -4.74027417322853	  0	  3.68525822040974	  1.78329871024357	  0.994648936954644	  -8.70382047185463	  -30.6867373907769	  -24.2392988616797	  2.83358140364287	  4.21694217790007	  38.538537706589	  0.784923826233641	  55.5449937405554	  0	
  0	  0	  0	  0	  0	  0	  0	  0	  0	  0	  0	  0	  0	  0	
+++ Normalization Integrals +++
  EtaPi
8609	8609
7
EtaPi::Negative::S0-
EtaPi::Negative::P0-
EtaPi::Negative::P1-
EtaPi::Negative::D0-
EtaPi::Negative::D1-
EtaPi::Positive::P1+
EtaPi::Positive::D1+
(0.079577285459653,0)	(-0.000766723828515969,-0)	(-0.000454135949264327,-0)	(0.000296602620051343,-0)	(-0.000365058708418167,-0)	(0,-0)	(0,-0)	
(-0.000766723828515969,0)	(0.0798425749079339,0)	(-0.000282773259618309,-0)	(-0.000961539543142816,-0)	(-0.000453728828633102,-0)	(0,-0)	(0,-0)	
(-0.000454135949264327,0)	(-0.000282773259618309,0)	(0.0792935692333318,0)	(0.000114798734765086,-0)	(-0.000275792602592828,-0)	(0,-0)	(0,-0)	
(0.000296602620051343,0)	(-0.000961539543142816,0)	(0.000114798734765086,0)	(0.0800960243828489,0)	(-0.000491791266789315,-0)	(0,-0)	(0,-0)	
(-0.000365058708418167,0)	(-0.000453728828633102,0)	(-0.000275792602592828,0)	(-0.000491791266789315,0)	(0.0799159990202875,0)	(0,-0)	(0,-0)	
(0,0)	(0,0)	(0,0)	(0,0)	(0,0)	(0.0795957122376495,0)	(-0.000593589581922373,-0)	
(0,0)	(0,0)	(0,0)	(0,0)	(0,0)	(-0.000593589581922373,0)	(0.0789890690818683,0)	
(0.079577285459653,0)	(-0.000766723828515969,-0)	(-0.000454135949264327,-0)	(0.000296602620051343,-0)	(-0.000365058708418167,-0)	(0,-0)	(0,-0)	
(-0.000766723828515969,0)	(0.0798425749079339,0)	(-0.000282773259618309,-0)	(-0.000961539543142816,-0)	(-0.000453728828633102,-0)	(0,-0)	(0,-0)	
(-0.000454135949264327,0)	(-0.000282773259618309,0)	(0.0792935692333318,0)	(0.000114798734765086,-0)	(-0.000275792602592828,-0)	(0,-0)	(0,-0)	
(0.000296602620051343,0)	(-0.000961539543142816,0)	(0.000114798734765086,0)	(0.0800960243828489,0)	(-0.000491791266789315,-0)	(0,-0)	(0,-0)	
(-0.000365058708418167,0)	(-0.000453728828633102,0)	(-0.000275792602592828,0)	(-0.000491791266789315,0)	(0.0799159990202875,0)	(0,-0)	(0,-0)	
(0,0)	(0,0)	(0,0)	(0,0)	(0,0)	(0.0795957122376495,0)	(-0.000593589581922373,-0)	
(0,0)	(0,0)	(0,0)	(0,0)	(0,0)	(-0.000593589581922373,0)	(0.0789890690818683,0)	
+++ Below these two lines is a config file that is   +++
+++ functionally equivalent to that used in the fit. +++
### FIT CONFIGURATION ###
fit bin_42
reaction EtaPi gamma Proton Pi0 Eta
sum EtaPi::Positive
sum EtaPi::Negative
amplitude EtaPi::Negative::S0- TwoPSAngles 0 0 -1
amplitude EtaPi::Negative::P0- TwoPSAngles 1 0 -1
amplitude EtaPi::Negative::P1- TwoPSAngles 1 1 -1
amplitude EtaPi::Negative::D0- TwoPSAngles 2 0 -1
amplitude EtaPi::Negative::D1- TwoPSAngles 2 1 -1
amplitude EtaPi::Positive::P1+ TwoPSAngles 1 1 1
amplitude EtaPi::Positive::D1+ TwoPSAngles 2 1 1
scale EtaPi::Negative::S0- 1.0
scale EtaPi::Negative::P0- 1.0
scale EtaPi::Negative::P1- 1.0
scale EtaPi::Negative::D0- 1.0
scale EtaPi::Negative::D1- 1.0
scale EtaPi::Positive::P1+ 1.0
scale EtaPi::Positive::D1+ 1.0
initialize EtaPi::Negative::S0- cartesian 101.047080907 0 real
initialize EtaPi::Negative::P0- cartesian 27.8605683696 1.70789543764
initialize EtaPi::Negative::P1- cartesian -7.70543056329 16.7392886924
initialize EtaPi::Negative::D0- cartesian 239.458040567 -8.71960559238
initialize EtaPi::Negative::D1- cartesian 4.6475658605 -6.25024011514
initialize EtaPi::Positive::P1+ cartesian 55.3980121022 -13.0133996023
initialize EtaPi::Positive::D1+ cartesian 72.4099722466 0 real
data EtaPi ROOTDataReader data_pi0eta_tLT1_42.root
genmc EtaPi ROOTDataReader thrown_pi0eta_tLT1_42.root
accmc EtaPi ROOTDataReader reco_pi0eta_tLT1_42.root
normintfile EtaPi bin_42.ni
