*** DO NOT EDIT THIS FILE - IT IS FORMATTED FOR INPUT ***
+++ Reactions, Amplitudes, and Scale Parameters +++
  1
  EtaPi	7
  EtaPi::Negative::S0-	-	1
  EtaPi::Negative::P0-	-	1
  EtaPi::Negative::P1-	-	1
  EtaPi::Negative::D0-	-	1
  EtaPi::Negative::D1-	-	1
  EtaPi::Positive::P1+	-	1
  EtaPi::Positive::D1+	-	1
+++ Likelihood Total and Partial Sums +++
  -49795.5179098701
  EtaPi	-49795.5179098701
+++ Fitter Information +++
  lastMinuitCommand	1
  lastMinuitCommandStatus	0
  eMatrixStatus	3
  minuitPrecision	1e-13
  minuitStrategy	1
  estDistToMinimum	0.000106754656927971
  bestMinimum	-49795.5179098701
+++ Parameter Values and Errors +++
  14
  EtaPi::Negative::S0-_re	84.810629999694
  EtaPi::Negative::S0-_im	0
  EtaPi::Negative::P0-_re	5.73351522629323
  EtaPi::Negative::P0-_im	2.51490061258278
  EtaPi::Negative::P1-_re	-2.80158135920694
  EtaPi::Negative::P1-_im	-2.87564824652451
  EtaPi::Negative::D0-_re	-1.30990275540713
  EtaPi::Negative::D0-_im	187.781353921052
  EtaPi::Negative::D1-_re	-2.96546034306921
  EtaPi::Negative::D1-_im	-1.87450918872576
  EtaPi::Positive::P1+_re	4.15740787178737
  EtaPi::Positive::P1+_im	0.260362205995961
  EtaPi::Positive::D1+_re	-3.05501436097688
  EtaPi::Positive::D1+_im	0
  16.4077661317079	  0	  -2.43136207394854	  0.51755175010728	  0.658510006259151	  0.016461435762568	  5.82840588946019	  -4.79038311884464	  -0.0993654967389192	  0.37690341212158	  -16.2427143511712	  19.9489790901285	  24.4850019201404	  0	
  0	  0	  0	  0	  0	  0	  0	  0	  0	  0	  0	  0	  0	  0	
  -2.43136207394854	  0	  12.1856909545987	  -3.05471595663082	  0.1345675316256	  0.185531294380482	  -0.784526700212561	  0.148608874167212	  0.00329127357516786	  0.427322001719783	  3.70310051557957	  -17.2526876096586	  -19.4971531500133	  0	
  0.51755175010728	  0	  -3.05471595663082	  5.37383947308246	  0.0523405092443158	  -0.168799747429985	  -0.232817736290158	  0.0764828752618762	  0.147228999511062	  -0.173746383043631	  -1.27047100239501	  2.93384844227425	  3.77194308296434	  0	
  0.658510006259151	  0	  0.1345675316256	  0.0523405092443158	  10.6590265969426	  3.7995634673485	  -0.370765635161383	  -0.0122478731521348	  -0.495817774382852	  0.577980008757377	  -2.43968542372426	  -0.794781710434762	  0.556056905648583	  0	
  0.016461435762568	  0	  0.185531294380482	  -0.168799747429985	  3.7995634673485	  6.02288024772524	  -0.000504287560227908	  0.156480383761681	  -0.146481431286753	  0.472445805897451	  -1.29026745224138	  -0.30832549506738	  0.289086787135656	  0	
  5.82840588946019	  0	  -0.784526700212561	  -0.232817736290158	  -0.370765635161383	  -0.000504287560227908	  24.4521311695828	  -1.94029883027533	  0.796444514959803	  0.0279556740929738	  -3.98022808702795	  -7.66594158398957	  13.3023810668121	  0	
  -4.79038311884464	  0	  0.148608874167212	  0.0764828752618762	  -0.0122478731521348	  0.156480383761681	  -1.94029883027533	  5.28587720038797	  -0.086478954423758	  -0.167430281808667	  0.202914647119486	  -1.37103214584577	  -3.30563847846993	  0	
  -0.0993654967389192	  0	  0.00329127357516786	  0.147228999511062	  -0.495817774382852	  -0.146481431286753	  0.796444514959803	  -0.086478954423758	  6.5318655107714	  -0.689617357974481	  5.42496605332561	  4.52144241725307	  -3.87834344789989	  0	
  0.37690341212158	  0	  0.427322001719783	  -0.173746383043631	  0.577980008757377	  0.472445805897451	  0.0279556740929738	  -0.167430281808667	  -0.689617357974481	  5.899505040429	  -0.727946458073653	  -0.80918618419346	  0.535092168289177	  0	
  -16.2427143511712	  0	  3.70310051557957	  -1.27047100239501	  -2.43968542372426	  -1.29026745224138	  -3.98022808702795	  0.202914647119486	  5.42496605332561	  -0.727946458073653	  93.4095101664281	  -149.71634306981	  -28.1086271915776	  0	
  19.9489790901285	  0	  -17.2526876096586	  2.93384844227425	  -0.794781710434762	  -0.30832549506738	  -7.66594158398957	  -1.37103214584577	  4.52144241725307	  -0.80918618419346	  -149.71634306981	  379.22936067723	  79.5073393678294	  0	
  24.4850019201404	  0	  -19.4971531500133	  3.77194308296434	  0.556056905648583	  0.289086787135656	  13.3023810668121	  -3.30563847846993	  -3.87834344789989	  0.535092168289177	  -28.1086271915776	  79.5073393678294	  234.189760260205	  0	
  0	  0	  0	  0	  0	  0	  0	  0	  0	  0	  0	  0	  0	  0	
+++ Normalization Integrals +++
  EtaPi
8546	8546
7
EtaPi::Negative::S0-
EtaPi::Negative::P0-
EtaPi::Negative::P1-
EtaPi::Negative::D0-
EtaPi::Negative::D1-
EtaPi::Positive::P1+
EtaPi::Positive::D1+
(0.0795772854596529,0)	(-0.00111181230562548,-0)	(-0.000107469956528512,-0)	(-0.000492683906009514,-0)	(-8.17409865910457e-05,-0)	(0,-0)	(0,-0)	
(-0.00111181230562548,0)	(0.0791366155775352,0)	(-6.33162959539324e-05,-0)	(-0.00178180897530925,-0)	(-3.77766979462932e-05,-0)	(0,-0)	(0,-0)	
(-0.000107469956528512,0)	(-6.33162959539324e-05,0)	(0.0796989452700151,0)	(8.74394840757696e-05,-0)	(-1.25215785351653e-05,-0)	(0,-0)	(0,-0)	
(-0.000492683906009514,0)	(-0.00178180897530925,0)	(8.74394840757696e-05,0)	(0.0784731255685163,0)	(0.000910793896056605,-0)	(0,-0)	(0,-0)	
(-8.17409865910457e-05,0)	(-3.77766979462932e-05,0)	(-1.25215785351653e-05,0)	(0.000910793896056605,0)	(0.0798345078511652,0)	(0,-0)	(0,-0)	
(0,0)	(0,0)	(0,0)	(0,0)	(0,0)	(0.0798962955313643,0)	(-0.000800709667583553,-0)	
(0,0)	(0,0)	(0,0)	(0,0)	(0,0)	(-0.000800709667583553,0)	(0.0800578264527703,0)	
(0.0795772854596529,0)	(-0.00111181230562548,-0)	(-0.000107469956528512,-0)	(-0.000492683906009514,-0)	(-8.17409865910457e-05,-0)	(0,-0)	(0,-0)	
(-0.00111181230562548,0)	(0.0791366155775352,0)	(-6.33162959539324e-05,-0)	(-0.00178180897530925,-0)	(-3.77766979462932e-05,-0)	(0,-0)	(0,-0)	
(-0.000107469956528512,0)	(-6.33162959539324e-05,0)	(0.0796989452700151,0)	(8.74394840757696e-05,-0)	(-1.25215785351653e-05,-0)	(0,-0)	(0,-0)	
(-0.000492683906009514,0)	(-0.00178180897530925,0)	(8.74394840757696e-05,0)	(0.0784731255685163,0)	(0.000910793896056605,-0)	(0,-0)	(0,-0)	
(-8.17409865910457e-05,0)	(-3.77766979462932e-05,0)	(-1.25215785351653e-05,0)	(0.000910793896056605,0)	(0.0798345078511652,0)	(0,-0)	(0,-0)	
(0,0)	(0,0)	(0,0)	(0,0)	(0,0)	(0.0798962955313643,0)	(-0.000800709667583553,-0)	
(0,0)	(0,0)	(0,0)	(0,0)	(0,0)	(-0.000800709667583553,0)	(0.0800578264527703,0)	
+++ Below these two lines is a config file that is   +++
+++ functionally equivalent to that used in the fit. +++
### FIT CONFIGURATION ###
fit bin_25
reaction EtaPi gamma Proton Pi0 Eta
sum EtaPi::Positive
sum EtaPi::Negative
amplitude EtaPi::Negative::S0- TwoPSAngles 0 0 -1
amplitude EtaPi::Negative::P0- TwoPSAngles 1 0 -1
amplitude EtaPi::Negative::P1- TwoPSAngles 1 1 -1
amplitude EtaPi::Negative::D0- TwoPSAngles 2 0 -1
amplitude EtaPi::Negative::D1- TwoPSAngles 2 1 -1
amplitude EtaPi::Positive::P1+ TwoPSAngles 1 1 1
amplitude EtaPi::Positive::D1+ TwoPSAngles 2 1 1
scale EtaPi::Negative::S0- 1.0
scale EtaPi::Negative::P0- 1.0
scale EtaPi::Negative::P1- 1.0
scale EtaPi::Negative::D0- 1.0
scale EtaPi::Negative::D1- 1.0
scale EtaPi::Positive::P1+ 1.0
scale EtaPi::Positive::D1+ 1.0
initialize EtaPi::Negative::S0- cartesian 407.938932003 0 real
initialize EtaPi::Negative::P0- cartesian 37.7305556076 43.8665066773
initialize EtaPi::Negative::P1- cartesian 13.6880776969 6.12985197171
initialize EtaPi::Negative::D0- cartesian 140.060934477 14.7320979271
initialize EtaPi::Negative::D1- cartesian 0.2432478703 -13.3963387795
initialize EtaPi::Positive::P1+ cartesian 56.3724151096 -23.9248832202
initialize EtaPi::Positive::D1+ cartesian 77.2194193314 0 real
data EtaPi ROOTDataReader data_pi0eta_tLT1_25.root
genmc EtaPi ROOTDataReader thrown_pi0eta_tLT1_25.root
accmc EtaPi ROOTDataReader reco_pi0eta_tLT1_25.root
normintfile EtaPi bin_25.ni
