*** DO NOT EDIT THIS FILE - IT IS FORMATTED FOR INPUT ***
+++ Reactions, Amplitudes, and Scale Parameters +++
  1
  EtaPi	7
  EtaPi::Negative::S0-	-	1
  EtaPi::Negative::P0-	-	1
  EtaPi::Negative::P1-	-	1
  EtaPi::Negative::D0-	-	1
  EtaPi::Negative::D1-	-	1
  EtaPi::Positive::P1+	-	1
  EtaPi::Positive::D1+	-	1
+++ Likelihood Total and Partial Sums +++
  -252095.971179726
  EtaPi	-252095.971179726
+++ Fitter Information +++
  lastMinuitCommand	1
  lastMinuitCommandStatus	0
  eMatrixStatus	3
  minuitPrecision	1e-13
  minuitStrategy	1
  estDistToMinimum	5.06008908169041e-05
  bestMinimum	-252095.971179726
+++ Parameter Values and Errors +++
  14
  EtaPi::Negative::S0-_re	1.8531093742323
  EtaPi::Negative::S0-_im	0
  EtaPi::Negative::P0-_re	-1.41760017669371
  EtaPi::Negative::P0-_im	-1.87286060989103
  EtaPi::Negative::P1-_re	1.7129107265738
  EtaPi::Negative::P1-_im	32.4443608239667
  EtaPi::Negative::D0-_re	410.896181525849
  EtaPi::Negative::D0-_im	-46.4168274246177
  EtaPi::Negative::D1-_re	0.731053379876303
  EtaPi::Negative::D1-_im	8.70055882698662
  EtaPi::Positive::P1+_re	47.3390923935635
  EtaPi::Positive::P1+_im	-0.867834806827774
  EtaPi::Positive::D1+_re	2.91272734697658
  EtaPi::Positive::D1+_im	0
  4.17698564510113	  0	  0.216121292926573	  1.44753306429315	  0.554712520604543	  3.76560173488579	  -0.814068450654801	  -1.90135944033148	  -0.0878390893158641	  -1.86327358181288	  3.05688690535796	  1.93082986702203	  0.765991813217659	  0	
  0	  0	  0	  0	  0	  0	  0	  0	  0	  0	  0	  0	  0	  0	
  0.216121292926573	  0	  4.67131961689597	  10.1894560052466	  -1.26678188561066	  0.189358593840256	  1.35628222926727	  13.3696667266234	  -0.375780429203489	  0.558386317067283	  0.364486217503349	  -1.20798564370271	  -0.971794971763899	  0	
  1.44753306429315	  0	  10.1894560052466	  96.5008364748276	  -4.43434782671443	  9.11777809157696	  4.22889623623837	  48.347986610962	  -1.59817377272745	  7.87680210367846	  1.33225529663293	  -13.1292732259923	  -8.56589680745507	  0	
  0.554712520604543	  0	  -1.26678188561066	  -4.43434782671443	  15.8331319417987	  7.48644438880349	  -15.4382946146128	  -143.645688349274	  3.36009628931356	  -2.22722146318883	  -1.54508070380829	  -0.122439018730909	  0.80577452458938	  0	
  3.76560173488579	  0	  0.189358593840256	  9.11777809157696	  7.48644438880349	  72.1338993992299	  -4.97710094018102	  -10.8488097429119	  0.579797327209155	  -15.5535018518222	  -11.5793413439603	  -8.23800348111957	  1.6449977353718	  0	
  -0.814068450654801	  0	  1.35628222926727	  4.22889623623837	  -15.4382946146128	  -4.97710094018102	  23.121590404245	  184.567930728482	  -4.03908021878256	  2.45195898324129	  -2.63492687753172	  -2.54656174691596	  -1.34495132113662	  0	
  -1.90135944033148	  0	  13.3696667266234	  48.347986610962	  -143.645688349274	  -10.8488097429119	  184.567930728482	  1767.57791695979	  -37.8890382926559	  18.521937245014	  5.44386292432799	  -6.77571260418011	  -7.2868860899712	  0	
  -0.0878390893158641	  0	  -0.375780429203489	  -1.59817377272745	  3.36009628931356	  0.579797327209155	  -4.03908021878256	  -37.8890382926559	  4.9065175617172	  3.11132488536447	  -0.0254747333625999	  -1.59569347978571	  -1.07067018512642	  0	
  -1.86327358181288	  0	  0.558386317067283	  7.87680210367846	  -2.22722146318883	  -15.5535018518222	  2.45195898324129	  18.521937245014	  3.11132488536447	  46.4853330107895	  1.39713230334597	  -19.8734815170797	  -14.5284201913712	  0	
  3.05688690535796	  0	  0.364486217503349	  1.33225529663293	  -1.54508070380829	  -11.5793413439603	  -2.63492687753172	  5.44386292432799	  -0.0254747333625999	  1.39713230334597	  107.789639380374	  -579.594336365448	  -4.32482800601916	  0	
  1.93082986702203	  0	  -1.20798564370271	  -13.1292732259923	  -0.122439018730909	  -8.23800348111957	  -2.54656174691596	  -6.77571260418011	  -1.59569347978571	  -19.8734815170797	  -579.594336365448	  5066.19280698526	  80.3853054358778	  0	
  0.765991813217659	  0	  -0.971794971763899	  -8.56589680745507	  0.80577452458938	  1.6449977353718	  -1.34495132113662	  -7.2868860899712	  -1.07067018512642	  -14.5284201913712	  -4.32482800601916	  80.3853054358778	  30.0305202040086	  0	
  0	  0	  0	  0	  0	  0	  0	  0	  0	  0	  0	  0	  0	  0	
+++ Normalization Integrals +++
  EtaPi
8308	8308
7
EtaPi::Negative::S0-
EtaPi::Negative::P0-
EtaPi::Negative::P1-
EtaPi::Negative::D0-
EtaPi::Negative::D1-
EtaPi::Positive::P1+
EtaPi::Positive::D1+
(0.0795772854596526,0)	(-0.00176703118604443,-0)	(-0.000392063328970219,-0)	(-0.000700438397069595,-0)	(-0.000249460839796572,-0)	(0,-0)	(0,-0)	
(-0.00176703118604443,0)	(0.0789507943116786,0)	(-0.000193231535612606,-0)	(8.28260538463153e-05,-0)	(0.000187965842568448,-0)	(0,-0)	(0,-0)	
(-0.000392063328970219,0)	(-0.000193231535612606,0)	(0.0803662862418267,0)	(0.000601123322239159,-0)	(-0.00243659159964707,-0)	(0,-0)	(0,-0)	
(-0.000700438397069595,0)	(8.28260538463153e-05,0)	(0.000601123322239159,0)	(0.0803529397684142,0)	(-0.000181295550223771,-0)	(0,-0)	(0,-0)	
(-0.000249460839796572,0)	(0.000187965842568448,0)	(-0.00243659159964707,0)	(-0.000181295550223771,0)	(0.0789615634924004,0)	(0,-0)	(0,-0)	
(0,0)	(0,0)	(0,0)	(0,0)	(0,0)	(0.0794147758254096,0)	(-0.0022215025931739,-0)	
(0,0)	(0,0)	(0,0)	(0,0)	(0,0)	(-0.0022215025931739,0)	(0.0781146497685767,0)	
(0.0795772854596526,0)	(-0.00176703118604443,-0)	(-0.000392063328970219,-0)	(-0.000700438397069595,-0)	(-0.000249460839796572,-0)	(0,-0)	(0,-0)	
(-0.00176703118604443,0)	(0.0789507943116786,0)	(-0.000193231535612606,-0)	(8.28260538463153e-05,-0)	(0.000187965842568448,-0)	(0,-0)	(0,-0)	
(-0.000392063328970219,0)	(-0.000193231535612606,0)	(0.0803662862418267,0)	(0.000601123322239159,-0)	(-0.00243659159964707,-0)	(0,-0)	(0,-0)	
(-0.000700438397069595,0)	(8.28260538463153e-05,0)	(0.000601123322239159,0)	(0.0803529397684142,0)	(-0.000181295550223771,-0)	(0,-0)	(0,-0)	
(-0.000249460839796572,0)	(0.000187965842568448,0)	(-0.00243659159964707,0)	(-0.000181295550223771,0)	(0.0789615634924004,0)	(0,-0)	(0,-0)	
(0,0)	(0,0)	(0,0)	(0,0)	(0,0)	(0.0794147758254096,0)	(-0.0022215025931739,-0)	
(0,0)	(0,0)	(0,0)	(0,0)	(0,0)	(-0.0022215025931739,0)	(0.0781146497685767,0)	
+++ Below these two lines is a config file that is   +++
+++ functionally equivalent to that used in the fit. +++
### FIT CONFIGURATION ###
fit bin_30
reaction EtaPi gamma Proton Pi0 Eta
sum EtaPi::Positive
sum EtaPi::Negative
amplitude EtaPi::Negative::S0- TwoPSAngles 0 0 -1
amplitude EtaPi::Negative::P0- TwoPSAngles 1 0 -1
amplitude EtaPi::Negative::P1- TwoPSAngles 1 1 -1
amplitude EtaPi::Negative::D0- TwoPSAngles 2 0 -1
amplitude EtaPi::Negative::D1- TwoPSAngles 2 1 -1
amplitude EtaPi::Positive::P1+ TwoPSAngles 1 1 1
amplitude EtaPi::Positive::D1+ TwoPSAngles 2 1 1
scale EtaPi::Negative::S0- 1.0
scale EtaPi::Negative::P0- 1.0
scale EtaPi::Negative::P1- 1.0
scale EtaPi::Negative::D0- 1.0
scale EtaPi::Negative::D1- 1.0
scale EtaPi::Positive::P1+ 1.0
scale EtaPi::Positive::D1+ 1.0
initialize EtaPi::Negative::S0- cartesian 101.047080907 0 real
initialize EtaPi::Negative::P0- cartesian 27.8605683696 1.70789543764
initialize EtaPi::Negative::P1- cartesian -7.70543056329 16.7392886924
initialize EtaPi::Negative::D0- cartesian 239.458040567 -8.71960559238
initialize EtaPi::Negative::D1- cartesian 4.6475658605 -6.25024011514
initialize EtaPi::Positive::P1+ cartesian 55.3980121022 -13.0133996023
initialize EtaPi::Positive::D1+ cartesian 72.4099722466 0 real
data EtaPi ROOTDataReader data_pi0eta_tLT1_30.root
genmc EtaPi ROOTDataReader thrown_pi0eta_tLT1_30.root
accmc EtaPi ROOTDataReader reco_pi0eta_tLT1_30.root
normintfile EtaPi bin_30.ni
