*** DO NOT EDIT THIS FILE - IT IS FORMATTED FOR INPUT ***
+++ Reactions, Amplitudes, and Scale Parameters +++
  1
  EtaPi	7
  EtaPi::Negative::S0-	-	1
  EtaPi::Negative::P0-	-	1
  EtaPi::Negative::P1-	-	1
  EtaPi::Negative::D0-	-	1
  EtaPi::Negative::D1-	-	1
  EtaPi::Positive::P1+	-	1
  EtaPi::Positive::D1+	-	1
+++ Likelihood Total and Partial Sums +++
  -268019.050417225
  EtaPi	-268019.050417225
+++ Fitter Information +++
  lastMinuitCommand	1
  lastMinuitCommandStatus	0
  eMatrixStatus	3
  minuitPrecision	1e-13
  minuitStrategy	1
  estDistToMinimum	0.0128212931385813
  bestMinimum	-268019.050417225
+++ Parameter Values and Errors +++
  14
  EtaPi::Negative::S0-_re	345.081786402534
  EtaPi::Negative::S0-_im	0
  EtaPi::Negative::P0-_re	2.22594176531115
  EtaPi::Negative::P0-_im	61.8604146063156
  EtaPi::Negative::P1-_re	4.86755674179756
  EtaPi::Negative::P1-_im	187.114954163376
  EtaPi::Negative::D0-_re	34.6615115764905
  EtaPi::Negative::D0-_im	-14.7159585101633
  EtaPi::Negative::D1-_re	-23.8467206788735
  EtaPi::Negative::D1-_im	-9.64855331082821
  EtaPi::Positive::P1+_re	179.073448061228
  EtaPi::Positive::P1+_im	-53.9544513468239
  EtaPi::Positive::D1+_re	0.686646906064649
  EtaPi::Positive::D1+_im	0
  1441.00733452524	  0	  -29.0047836676926	  -370.984971377735	  -22.1247995376132	  -1210.71480356302	  -625.643354381919	  -64.4443212826955	  402.658106344249	  -68.6204070514557	  -988.334666082196	  987.547174624032	  35.0766715950464	  0	
  0	  0	  0	  0	  0	  0	  0	  0	  0	  0	  0	  0	  0	  0	
  -29.0047836676926	  0	  16.3068681860204	  87.0980297776831	  5.39202734545699	  7.91403797865602	  -7.41069127804394	  0.786574614892565	  -38.6488947227888	  -8.54786698096723	  8.37659875715388	  -14.0629513672766	  -14.7141932847196	  0	
  -370.984971377735	  0	  87.0980297776831	  1380.17727795555	  69.8454603342563	  74.3811410796213	  -144.556103086192	  95.1540174743497	  -597.674058406105	  -21.1616607848513	  92.9986969278822	  -133.911865252646	  -76.8356815008202	  0	
  -22.1247995376132	  0	  5.39202734545699	  69.8454603342563	  10.7318415430084	  6.58657337512939	  -5.84506381110815	  9.87812724469231	  -31.0857691659678	  -4.19875556253129	  7.46944600645985	  -8.35862999298166	  -4.01013432393964	  0	
  -1210.71480356302	  0	  7.91403797865602	  74.3811410796213	  6.58657337512939	  1070.38724683503	  582.61014973378	  40.3898859386295	  -246.720127064837	  66.1811275540754	  846.484023555726	  -880.816937772246	  -14.3523708251566	  0	
  -625.643354381919	  0	  -7.41069127804394	  -144.556103086192	  -5.84506381110815	  582.61014973378	  348.74994993945	  10.4103748280021	  -56.6228040157571	  39.5937207141423	  464.27690080406	  -471.008070063972	  2.2193517346226	  0	
  -64.4443212826955	  0	  0.786574614892565	  95.1540174743497	  9.87812724469231	  40.3898859386295	  10.4103748280021	  34.2663942254667	  -48.2545630379807	  -0.417814327807869	  33.5325791533978	  -42.3843640033095	  -0.7146670283212	  0	
  402.658106344249	  0	  -38.6488947227888	  -597.674058406105	  -31.0857691659678	  -246.720127064837	  -56.6228040157571	  -48.2545630379807	  306.718145829501	  -3.82416019728216	  -210.699270903242	  236.33771652117	  35.3040839686348	  0	
  -68.6204070514557	  0	  -8.54786698096723	  -21.1616607848513	  -4.19875556253129	  66.1811275540754	  39.5937207141423	  -0.417814327807869	  -3.82416019728216	  24.422518377724	  49.7468827122481	  -57.7642254273074	  2.54309733805128	  0	
  -988.334666082196	  0	  8.37659875715388	  92.9986969278822	  7.46944600645985	  846.484023555726	  464.27690080406	  33.5325791533978	  -210.699270903242	  49.7468827122481	  738.18380289484	  -575.848396528766	  -11.5842210046714	  0	
  987.547174624032	  0	  -14.0629513672766	  -133.911865252646	  -8.35862999298166	  -880.816937772246	  -471.008070063972	  -42.3843640033095	  236.33771652117	  -57.7642254273074	  -575.848396528766	  1148.09541019446	  25.0739965381874	  0	
  35.0766715950464	  0	  -14.7141932847196	  -76.8356815008202	  -4.01013432393964	  -14.3523708251566	  2.2193517346226	  -0.7146670283212	  35.3040839686348	  2.54309733805128	  -11.5842210046714	  25.0739965381874	  29.8273685637319	  0	
  0	  0	  0	  0	  0	  0	  0	  0	  0	  0	  0	  0	  0	  0	
+++ Normalization Integrals +++
  EtaPi
8353	8353
7
EtaPi::Negative::S0-
EtaPi::Negative::P0-
EtaPi::Negative::P1-
EtaPi::Negative::D0-
EtaPi::Negative::D1-
EtaPi::Positive::P1+
EtaPi::Positive::D1+
(0.0795772854596527,0)	(-0.000157102165443301,-0)	(-0.00215517094405481,-0)	(0.00229635392897073,-0)	(0.000158529123067247,-0)	(0,-0)	(0,-0)	
(-0.000157102165443301,0)	(0.0816312068538692,0)	(0.000122796130705664,-0)	(-6.54595446487419e-05,-0)	(2.77799420694009e-05,-0)	(0,-0)	(0,-0)	
(-0.00215517094405481,0)	(0.000122796130705664,0)	(0.078120822576158,0)	(0.00243361250256725,-0)	(0.000207738062613277,-0)	(0,-0)	(0,-0)	
(0.00229635392897073,0)	(-6.54595446487419e-05,0)	(0.00243361250256725,0)	(0.0821188454013721,0)	(0.000942702216024991,-0)	(0,-0)	(0,-0)	
(0.000158529123067247,0)	(2.77799420694009e-05,0)	(0.000207738062613277,0)	(0.000942702216024991,0)	(0.0799453989439816,0)	(0,-0)	(0,-0)	
(0,0)	(0,0)	(0,0)	(0,0)	(0,0)	(0.078979826948888,0)	(-0.000537787938108664,-0)	
(0,0)	(0,0)	(0,0)	(0,0)	(0,0)	(-0.000537787938108664,0)	(0.0792436277100347,0)	
(0.0795772854596527,0)	(-0.000157102165443301,-0)	(-0.00215517094405481,-0)	(0.00229635392897073,-0)	(0.000158529123067247,-0)	(0,-0)	(0,-0)	
(-0.000157102165443301,0)	(0.0816312068538692,0)	(0.000122796130705664,-0)	(-6.54595446487419e-05,-0)	(2.77799420694009e-05,-0)	(0,-0)	(0,-0)	
(-0.00215517094405481,0)	(0.000122796130705664,0)	(0.078120822576158,0)	(0.00243361250256725,-0)	(0.000207738062613277,-0)	(0,-0)	(0,-0)	
(0.00229635392897073,0)	(-6.54595446487419e-05,0)	(0.00243361250256725,0)	(0.0821188454013721,0)	(0.000942702216024991,-0)	(0,-0)	(0,-0)	
(0.000158529123067247,0)	(2.77799420694009e-05,0)	(0.000207738062613277,0)	(0.000942702216024991,0)	(0.0799453989439816,0)	(0,-0)	(0,-0)	
(0,0)	(0,0)	(0,0)	(0,0)	(0,0)	(0.078979826948888,0)	(-0.000537787938108664,-0)	
(0,0)	(0,0)	(0,0)	(0,0)	(0,0)	(-0.000537787938108664,0)	(0.0792436277100347,0)	
+++ Below these two lines is a config file that is   +++
+++ functionally equivalent to that used in the fit. +++
### FIT CONFIGURATION ###
fit bin_13
reaction EtaPi gamma Proton Pi0 Eta
sum EtaPi::Positive
sum EtaPi::Negative
amplitude EtaPi::Negative::S0- TwoPSAngles 0 0 -1
amplitude EtaPi::Negative::P0- TwoPSAngles 1 0 -1
amplitude EtaPi::Negative::P1- TwoPSAngles 1 1 -1
amplitude EtaPi::Negative::D0- TwoPSAngles 2 0 -1
amplitude EtaPi::Negative::D1- TwoPSAngles 2 1 -1
amplitude EtaPi::Positive::P1+ TwoPSAngles 1 1 1
amplitude EtaPi::Positive::D1+ TwoPSAngles 2 1 1
scale EtaPi::Negative::S0- 1.0
scale EtaPi::Negative::P0- 1.0
scale EtaPi::Negative::P1- 1.0
scale EtaPi::Negative::D0- 1.0
scale EtaPi::Negative::D1- 1.0
scale EtaPi::Positive::P1+ 1.0
scale EtaPi::Positive::D1+ 1.0
initialize EtaPi::Negative::S0- cartesian 332.005867943 0 real
initialize EtaPi::Negative::P0- cartesian 56.6343449069 21.3165258507
initialize EtaPi::Negative::P1- cartesian 11.5324364428 40.2885940756
initialize EtaPi::Negative::D0- cartesian 139.64526549 84.4478099176
initialize EtaPi::Negative::D1- cartesian -4.41399613354 -8.84659870106
initialize EtaPi::Positive::P1+ cartesian 34.7400547818 -29.8472566981
initialize EtaPi::Positive::D1+ cartesian 64.2937027116 0 real
data EtaPi ROOTDataReader data_pi0eta_tLT1_13.root
genmc EtaPi ROOTDataReader thrown_pi0eta_tLT1_13.root
accmc EtaPi ROOTDataReader reco_pi0eta_tLT1_13.root
normintfile EtaPi bin_13.ni
