*** DO NOT EDIT THIS FILE - IT IS FORMATTED FOR INPUT ***
+++ Reactions, Amplitudes, and Scale Parameters +++
  1
  EtaPi	7
  EtaPi::Negative::S0-	-	1
  EtaPi::Negative::P0-	-	1
  EtaPi::Negative::P1-	-	1
  EtaPi::Negative::D0-	-	1
  EtaPi::Negative::D1-	-	1
  EtaPi::Positive::P1+	-	1
  EtaPi::Positive::D1+	-	1
+++ Likelihood Total and Partial Sums +++
  -3039.72118105697
  EtaPi	-3039.72118105697
+++ Fitter Information +++
  lastMinuitCommand	1
  lastMinuitCommandStatus	0
  eMatrixStatus	3
  minuitPrecision	1e-13
  minuitStrategy	1
  estDistToMinimum	1.9094372948701e-06
  bestMinimum	-3039.72118105697
+++ Parameter Values and Errors +++
  14
  EtaPi::Negative::S0-_re	16.4089001858811
  EtaPi::Negative::S0-_im	0
  EtaPi::Negative::P0-_re	8.94013899075709
  EtaPi::Negative::P0-_im	-2.18358442672827
  EtaPi::Negative::P1-_re	-14.0282655510113
  EtaPi::Negative::P1-_im	-2.21989923570726
  EtaPi::Negative::D0-_re	11.6705220794301
  EtaPi::Negative::D0-_im	53.5831492557245
  EtaPi::Negative::D1-_re	5.57595447179427
  EtaPi::Negative::D1-_im	-3.51621088473184
  EtaPi::Positive::P1+_re	7.58657025903938
  EtaPi::Positive::P1+_im	-1.54287551289633e-05
  EtaPi::Positive::D1+_re	-9.68601829323384
  EtaPi::Positive::D1+_im	0
  20.598374291438	  0	  -5.98201499442282	  0.831983579286285	  4.2810715708342	  -4.54209367628322	  -0.389662799137386	  -2.54767893473845	  -2.48476513482858	  0.879619176125915	  9.64961876681398	  -1.79577124789661	  9.56763380205537	  0	
  0	  0	  0	  0	  0	  0	  0	  0	  0	  0	  0	  0	  0	  0	
  -5.98201499442282	  0	  21.6199302812814	  -7.00758642315529	  -4.24956198779907	  2.35653494301634	  2.61239197175771	  -3.97157362437681	  4.55612153392864	  -0.498287259777676	  12.8878392783321	  -1.63658570837815	  8.33200795051576	  0	
  0.831983579286285	  0	  -7.00758642315529	  9.45561620503457	  3.67918673412404	  -3.08974779078667	  -12.6764994841822	  5.16694280114988	  -0.764014228355989	  0.927670942949386	  -9.87003619875528	  -0.637951014272031	  -6.28051188872624	  0	
  4.2810715708342	  0	  -4.24956198779907	  3.67918673412404	  15.8500267806116	  -3.32108774789156	  -13.9586668826834	  6.09808772010954	  -2.5546046606653	  3.87807591599653	  -3.42620336328312	  -1.14693155649913	  -3.85641865034913	  0	
  -4.54209367628322	  0	  2.35653494301634	  -3.08974779078667	  -3.32108774789156	  9.42038289781225	  15.6152521449565	  -3.65505657160968	  0.785247956828287	  -2.05490077555076	  3.40584737080521	  2.00289795988962	  1.7880281015174	  0	
  -0.389662799137386	  0	  2.61239197175771	  -12.6764994841822	  -13.9586668826834	  15.6152521449565	  70.9996165706506	  -19.5319663310956	  -2.24555413781192	  -9.37353230688483	  26.1718060526963	  7.2928074183369	  17.6379357575141	  0	
  -2.54767893473845	  0	  -3.97157362437681	  5.16694280114988	  6.09808772010954	  -3.65505657160968	  -19.5319663310956	  11.1906640809327	  -0.648691230652482	  3.22202203951233	  -12.8716658184829	  -2.28098647446264	  -7.69402521383465	  0	
  -2.48476513482858	  0	  4.55612153392864	  -0.764014228355989	  -2.5546046606653	  0.785247956828287	  -2.24555413781192	  -0.648691230652482	  9.48633851645792	  -1.02987168632692	  -1.1995123663376	  -0.109664220121279	  0.737519168523084	  0	
  0.879619176125915	  0	  -0.498287259777676	  0.927670942949386	  3.87807591599653	  -2.05490077555076	  -9.37353230688483	  3.22202203951233	  -1.02987168632692	  7.84368694397528	  -2.795013042372	  -1.03022281525155	  -2.44417293059714	  0	
  9.64961876681398	  0	  12.8878392783321	  -9.87003619875528	  -3.42620336328312	  3.40584737080521	  26.1718060526963	  -12.8716658184829	  -1.1995123663376	  -2.795013042372	  71.4075870899808	  -0.899901294241967	  49.566051094062	  0	
  -1.79577124789661	  0	  -1.63658570837815	  -0.637951014272031	  -1.14693155649913	  2.00289795988962	  7.2928074183369	  -2.28098647446264	  -0.109664220121279	  -1.03022281525155	  -0.899901294241967	  250.452772499862	  4.79068042789238	  0	
  9.56763380205537	  0	  8.33200795051576	  -6.28051188872624	  -3.85641865034913	  1.7880281015174	  17.6379357575141	  -7.69402521383465	  0.737519168523084	  -2.44417293059714	  49.566051094062	  4.79068042789238	  53.4870075121245	  0	
  0	  0	  0	  0	  0	  0	  0	  0	  0	  0	  0	  0	  0	  0	
+++ Normalization Integrals +++
  EtaPi
8646	8646
7
EtaPi::Negative::S0-
EtaPi::Negative::P0-
EtaPi::Negative::P1-
EtaPi::Negative::D0-
EtaPi::Negative::D1-
EtaPi::Positive::P1+
EtaPi::Positive::D1+
(0.0795772854596531,0)	(-0.000556622136696794,-0)	(-0.00118076632261068,-0)	(-0.000756988634294515,-0)	(0.000134062008327614,-0)	(0,-0)	(0,-0)	
(-0.000556622136696794,0)	(0.0789002142418475,0)	(0.000103843985122394,-0)	(0.000171720112813718,-0)	(0.000763112656576507,-0)	(0,-0)	(0,-0)	
(-0.00118076632261068,0)	(0.000103843985122394,0)	(0.080314041850915,0)	(0.00198101182799465,-0)	(-0.000708492207550627,-0)	(0,-0)	(0,-0)	
(-0.000756988634294515,0)	(0.000171720112813718,0)	(0.00198101182799465,0)	(0.0801132430705987,0)	(-0.000364628955951786,-0)	(0,-0)	(0,-0)	
(0.000134062008327614,0)	(0.000763112656576507,0)	(-0.000708492207550627,0)	(-0.000364628955951786,0)	(0.0786396216765957,0)	(0,-0)	(0,-0)	
(0,0)	(0,0)	(0,0)	(0,0)	(0,0)	(0.0795176002861529,0)	(-0.000926985276203968,-0)	
(0,0)	(0,0)	(0,0)	(0,0)	(0,0)	(-0.000926985276203968,0)	(0.078671887065083,0)	
(0.0795772854596531,0)	(-0.000556622136696794,-0)	(-0.00118076632261068,-0)	(-0.000756988634294515,-0)	(0.000134062008327614,-0)	(0,-0)	(0,-0)	
(-0.000556622136696794,0)	(0.0789002142418475,0)	(0.000103843985122394,-0)	(0.000171720112813718,-0)	(0.000763112656576507,-0)	(0,-0)	(0,-0)	
(-0.00118076632261068,0)	(0.000103843985122394,0)	(0.080314041850915,0)	(0.00198101182799465,-0)	(-0.000708492207550627,-0)	(0,-0)	(0,-0)	
(-0.000756988634294515,0)	(0.000171720112813718,0)	(0.00198101182799465,0)	(0.0801132430705987,0)	(-0.000364628955951786,-0)	(0,-0)	(0,-0)	
(0.000134062008327614,0)	(0.000763112656576507,0)	(-0.000708492207550627,0)	(-0.000364628955951786,0)	(0.0786396216765957,0)	(0,-0)	(0,-0)	
(0,0)	(0,0)	(0,0)	(0,0)	(0,0)	(0.0795176002861529,0)	(-0.000926985276203968,-0)	
(0,0)	(0,0)	(0,0)	(0,0)	(0,0)	(-0.000926985276203968,0)	(0.078671887065083,0)	
+++ Below these two lines is a config file that is   +++
+++ functionally equivalent to that used in the fit. +++
### FIT CONFIGURATION ###
fit bin_51
reaction EtaPi gamma Proton Pi0 Eta
sum EtaPi::Positive
sum EtaPi::Negative
amplitude EtaPi::Negative::S0- TwoPSAngles 0 0 -1
amplitude EtaPi::Negative::P0- TwoPSAngles 1 0 -1
amplitude EtaPi::Negative::P1- TwoPSAngles 1 1 -1
amplitude EtaPi::Negative::D0- TwoPSAngles 2 0 -1
amplitude EtaPi::Negative::D1- TwoPSAngles 2 1 -1
amplitude EtaPi::Positive::P1+ TwoPSAngles 1 1 1
amplitude EtaPi::Positive::D1+ TwoPSAngles 2 1 1
scale EtaPi::Negative::S0- 1.0
scale EtaPi::Negative::P0- 1.0
scale EtaPi::Negative::P1- 1.0
scale EtaPi::Negative::D0- 1.0
scale EtaPi::Negative::D1- 1.0
scale EtaPi::Positive::P1+ 1.0
scale EtaPi::Positive::D1+ 1.0
initialize EtaPi::Negative::S0- cartesian 499.305614659 0 real
initialize EtaPi::Negative::P0- cartesian 37.8979954065 16.7803324706
initialize EtaPi::Negative::P1- cartesian 2.19219035046 31.1145364892
initialize EtaPi::Negative::D0- cartesian 143.239211492 40.2995355582
initialize EtaPi::Negative::D1- cartesian 27.0254342733 27.6692631879
initialize EtaPi::Positive::P1+ cartesian 31.1810381895 -27.6288347938
initialize EtaPi::Positive::D1+ cartesian 73.0676237027 0 real
data EtaPi ROOTDataReader data_pi0eta_tLT1_51.root
genmc EtaPi ROOTDataReader thrown_pi0eta_tLT1_51.root
accmc EtaPi ROOTDataReader reco_pi0eta_tLT1_51.root
normintfile EtaPi bin_51.ni
