*** DO NOT EDIT THIS FILE - IT IS FORMATTED FOR INPUT ***
+++ Reactions, Amplitudes, and Scale Parameters +++
  1
  EtaPi	7
  EtaPi::Negative::S0-	-	1
  EtaPi::Negative::P0-	-	1
  EtaPi::Negative::P1-	-	1
  EtaPi::Negative::D0-	-	1
  EtaPi::Negative::D1-	-	1
  EtaPi::Positive::P1+	-	1
  EtaPi::Positive::D1+	-	1
+++ Likelihood Total and Partial Sums +++
  -60444.6016779007
  EtaPi	-60444.6016779007
+++ Fitter Information +++
  lastMinuitCommand	1
  lastMinuitCommandStatus	0
  eMatrixStatus	3
  minuitPrecision	1e-13
  minuitStrategy	1
  estDistToMinimum	7.56580892634696e-06
  bestMinimum	-60444.6016779007
+++ Parameter Values and Errors +++
  14
  EtaPi::Negative::S0-_re	-0.920511512374214
  EtaPi::Negative::S0-_im	0
  EtaPi::Negative::P0-_re	-1.34066398934264
  EtaPi::Negative::P0-_im	-8.88616616600366
  EtaPi::Negative::P1-_re	-10.874748830747
  EtaPi::Negative::P1-_im	24.2899293853342
  EtaPi::Negative::D0-_re	200.993804152398
  EtaPi::Negative::D0-_im	92.6704377306213
  EtaPi::Negative::D1-_re	1.3093016236652
  EtaPi::Negative::D1-_im	0.287341408941551
  EtaPi::Positive::P1+_re	-1.86716142489571
  EtaPi::Positive::P1+_im	-8.74438846829931e-05
  EtaPi::Positive::D1+_re	-26.0528960445975
  EtaPi::Positive::D1+_im	0
  5.47602104888879	  0	  -3.13645175174864	  4.11474129868496	  -0.372988242910075	  5.14481485742834	  7.00073280085757	  -15.211665289696	  0.517802733952549	  -1.57596111828897	  -0.918765462616287	  -1.41018481406164	  0.776747844304653	  0	
  0	  0	  0	  0	  0	  0	  0	  0	  0	  0	  0	  0	  0	  0	
  -3.13645175174864	  0	  29.6389488952297	  -39.0731795396101	  -7.00080124934416	  -25.7268268809889	  -71.158521304932	  148.763049895755	  0.356071337957393	  4.15275808212073	  1.57661595506805	  -0.243551550895386	  -0.10174867468503	  0	
  4.11474129868496	  0	  -39.0731795396101	  61.6828731202298	  12.6077284051088	  35.4092324143393	  108.775744238106	  -229.246050424021	  -0.253136107720504	  -7.73125155688635	  -2.34507044620817	  -4.26214488661667	  -1.40913254695988	  0	
  -0.372988242910075	  0	  -7.00080124934416	  12.6077284051088	  15.2782301271296	  -8.4221078479675	  26.1213952008952	  -49.9051387697982	  1.62509725292717	  -5.35932282059892	  -2.00498927383606	  4.99313479529679	  -2.30923999773203	  0	
  5.14481485742834	  0	  -25.7268268809889	  35.4092324143393	  -8.4221078479675	  54.4205387688599	  63.3036355524116	  -136.457389846823	  -2.97405578202767	  1.03955482850632	  1.59485542039998	  -13.9046244548838	  2.32127715468948	  0	
  7.00073280085757	  0	  -71.158521304932	  108.775744238106	  26.1213952008952	  63.3036355524116	  216.56449495044	  -436.411114247491	  -0.0278315977483391	  -13.3147257588517	  -3.51155975025247	  -3.51290301457826	  -0.847210005801973	  0	
  -15.211665289696	  0	  148.763049895755	  -229.246050424021	  -49.9051387697982	  -136.457389846823	  -436.411114247491	  897.77760572891	  0.557002953361593	  28.2355592715808	  8.16077307734147	  10.7311810362123	  5.03182053847829	  0	
  0.517802733952549	  0	  0.356071337957393	  -0.253136107720504	  1.62509725292717	  -2.97405578202767	  -0.0278315977483391	  0.557002953361593	  8.63627163596423	  -8.32695325965346	  -3.3252183640846	  2.02647293863642	  -0.522494352380188	  0	
  -1.57596111828897	  0	  4.15275808212073	  -7.73125155688635	  -5.35932282059892	  1.03955482850632	  -13.3147257588517	  28.2355592715808	  -8.32695325965346	  18.7554364137802	  4.27498209674686	  1.47158650621914	  1.52378167191032	  0	
  -0.918765462616287	  0	  1.57661595506805	  -2.34507044620817	  -2.00498927383606	  1.59485542039998	  -3.51155975025247	  8.16077307734147	  -3.3252183640846	  4.27498209674686	  24.1781916085722	  6.27487447530797	  2.86220481740641	  0	
  -1.41018481406164	  0	  -0.243551550895386	  -4.26214488661667	  4.99313479529679	  -13.9046244548838	  -3.51290301457826	  10.7311810362123	  2.02647293863642	  1.47158650621914	  6.27487447530797	  295.027913837786	  -7.01846082500685	  0	
  0.776747844304653	  0	  -0.10174867468503	  -1.40913254695988	  -2.30923999773203	  2.32127715468948	  -0.847210005801973	  5.03182053847829	  -0.522494352380188	  1.52378167191032	  2.86220481740641	  -7.01846082500685	  14.49345223033	  0	
  0	  0	  0	  0	  0	  0	  0	  0	  0	  0	  0	  0	  0	  0	
+++ Normalization Integrals +++
  EtaPi
8458	8458
7
EtaPi::Negative::S0-
EtaPi::Negative::P0-
EtaPi::Negative::P1-
EtaPi::Negative::D0-
EtaPi::Negative::D1-
EtaPi::Positive::P1+
EtaPi::Positive::D1+
(0.0795772854596528,0)	(0.00136189154485795,-0)	(0.000155390214703978,-0)	(-0.000875587282567066,-0)	(-0.000374084664071075,-0)	(0,-0)	(0,-0)	
(0.00136189154485795,0)	(0.0787941363860165,0)	(-0.000289764734803774,-0)	(0.00135045812878453,-0)	(6.5887462721892e-05,-0)	(0,-0)	(0,-0)	
(0.000155390214703978,0)	(-0.000289764734803774,0)	(0.0794558120720855,0)	(-0.000116671325050131,-0)	(0.000624044332486061,-0)	(0,-0)	(0,-0)	
(-0.000875587282567066,0)	(0.00135045812878453,0)	(-0.000116671325050131,0)	(0.0773997490436773,0)	(-0.000108077477599819,-0)	(0,-0)	(0,-0)	
(-0.000374084664071075,0)	(6.5887462721892e-05,0)	(0.000624044332486061,0)	(-0.000108077477599819,0)	(0.0800463387251733,0)	(0,-0)	(0,-0)	
(0,0)	(0,0)	(0,0)	(0,0)	(0,0)	(0.080481907920813,0)	(0.00133296978753149,-0)	
(0,0)	(0,0)	(0,0)	(0,0)	(0,0)	(0.00133296978753149,0)	(0.0807063656260149,0)	
(0.0795772854596528,0)	(0.00136189154485795,-0)	(0.000155390214703978,-0)	(-0.000875587282567066,-0)	(-0.000374084664071075,-0)	(0,-0)	(0,-0)	
(0.00136189154485795,0)	(0.0787941363860165,0)	(-0.000289764734803774,-0)	(0.00135045812878453,-0)	(6.5887462721892e-05,-0)	(0,-0)	(0,-0)	
(0.000155390214703978,0)	(-0.000289764734803774,0)	(0.0794558120720855,0)	(-0.000116671325050131,-0)	(0.000624044332486061,-0)	(0,-0)	(0,-0)	
(-0.000875587282567066,0)	(0.00135045812878453,0)	(-0.000116671325050131,0)	(0.0773997490436773,0)	(-0.000108077477599819,-0)	(0,-0)	(0,-0)	
(-0.000374084664071075,0)	(6.5887462721892e-05,0)	(0.000624044332486061,0)	(-0.000108077477599819,0)	(0.0800463387251733,0)	(0,-0)	(0,-0)	
(0,0)	(0,0)	(0,0)	(0,0)	(0,0)	(0.080481907920813,0)	(0.00133296978753149,-0)	
(0,0)	(0,0)	(0,0)	(0,0)	(0,0)	(0.00133296978753149,0)	(0.0807063656260149,0)	
+++ Below these two lines is a config file that is   +++
+++ functionally equivalent to that used in the fit. +++
### FIT CONFIGURATION ###
fit bin_35
reaction EtaPi gamma Proton Pi0 Eta
sum EtaPi::Positive
sum EtaPi::Negative
amplitude EtaPi::Negative::S0- TwoPSAngles 0 0 -1
amplitude EtaPi::Negative::P0- TwoPSAngles 1 0 -1
amplitude EtaPi::Negative::P1- TwoPSAngles 1 1 -1
amplitude EtaPi::Negative::D0- TwoPSAngles 2 0 -1
amplitude EtaPi::Negative::D1- TwoPSAngles 2 1 -1
amplitude EtaPi::Positive::P1+ TwoPSAngles 1 1 1
amplitude EtaPi::Positive::D1+ TwoPSAngles 2 1 1
scale EtaPi::Negative::S0- 1.0
scale EtaPi::Negative::P0- 1.0
scale EtaPi::Negative::P1- 1.0
scale EtaPi::Negative::D0- 1.0
scale EtaPi::Negative::D1- 1.0
scale EtaPi::Positive::P1+ 1.0
scale EtaPi::Positive::D1+ 1.0
initialize EtaPi::Negative::S0- cartesian 143.185687973 0 real
initialize EtaPi::Negative::P0- cartesian 48.8170460279 9.40191812035
initialize EtaPi::Negative::P1- cartesian 25.2112852248 31.2858827595
initialize EtaPi::Negative::D0- cartesian 192.138006159 6.2312074962
initialize EtaPi::Negative::D1- cartesian 9.09946992323 3.78409623186
initialize EtaPi::Positive::P1+ cartesian 21.7995783433 -24.2769552889
initialize EtaPi::Positive::D1+ cartesian 50.8820770112 0 real
data EtaPi ROOTDataReader data_pi0eta_tLT1_35.root
genmc EtaPi ROOTDataReader thrown_pi0eta_tLT1_35.root
accmc EtaPi ROOTDataReader reco_pi0eta_tLT1_35.root
normintfile EtaPi bin_35.ni
