*** DO NOT EDIT THIS FILE - IT IS FORMATTED FOR INPUT ***
+++ Reactions, Amplitudes, and Scale Parameters +++
  1
  EtaPi	7
  EtaPi::Negative::S0-	-	1
  EtaPi::Negative::P0-	-	1
  EtaPi::Negative::P1-	-	1
  EtaPi::Negative::D0-	-	1
  EtaPi::Negative::D1-	-	1
  EtaPi::Positive::P1+	-	1
  EtaPi::Positive::D1+	-	1
+++ Likelihood Total and Partial Sums +++
  -191741.880555054
  EtaPi	-191741.880555054
+++ Fitter Information +++
  lastMinuitCommand	1
  lastMinuitCommandStatus	0
  eMatrixStatus	3
  minuitPrecision	1e-13
  minuitStrategy	1
  estDistToMinimum	4.51498960652021e-05
  bestMinimum	-191741.880555054
+++ Parameter Values and Errors +++
  14
  EtaPi::Negative::S0-_re	225.259144968607
  EtaPi::Negative::S0-_im	0
  EtaPi::Negative::P0-_re	1.18555585391995
  EtaPi::Negative::P0-_im	81.5588541665874
  EtaPi::Negative::P1-_re	1.09820404260101
  EtaPi::Negative::P1-_im	200.885622829019
  EtaPi::Negative::D0-_re	67.9344259899417
  EtaPi::Negative::D0-_im	-4.15032913012774
  EtaPi::Negative::D1-_re	-53.9965474498316
  EtaPi::Negative::D1-_im	6.83409092260059
  EtaPi::Positive::P1+_re	180.350766867402
  EtaPi::Positive::P1+_im	-81.8320717881767
  EtaPi::Positive::D1+_re	-4.43020495919553
  EtaPi::Positive::D1+_im	0
  212.053631510946	  0	  -2.45597638421107	  -17.1840926709206	  -3.06324145053992	  -82.1398676763559	  -98.9292690679131	  0.272750299687455	  67.3507961189046	  2.9784380776521	  -79.5708030147432	  58.173945906833	  -0.525105274821015	  0	
  0	  0	  0	  0	  0	  0	  0	  0	  0	  0	  0	  0	  0	  0	
  -2.45597638421107	  0	  12.6393315146261	  10.4368921403227	  3.03437719883469	  -1.70341765520529	  -3.4483516549944	  -4.59444596639534	  -6.70821113095184	  -4.34429436878898	  1.323209327244	  4.30504933596493	  -7.47344254191402	  0	
  -17.1840926709206	  0	  10.4368921403227	  242.651206753423	  -4.95862740645858	  -55.8321277854943	  -94.6792009947832	  -5.32446615725625	  -140.74844197979	  -2.68633410461808	  -22.0865722604894	  19.8006999823373	  -5.36596560572901	  0	
  -3.06324145053992	  0	  3.03437719883469	  -4.95862740645858	  12.2969847469203	  2.6623750610627	  3.7338200141136	  2.50831743142759	  2.10261951091984	  -2.03915085744298	  1.94105567830937	  -1.01932029353086	  -0.60824372730912	  0	
  -82.1398676763559	  0	  -1.70341765520529	  -55.8321277854943	  2.6623750610627	  54.7418159675817	  65.6604710379899	  1.35895080949058	  8.85444209470347	  -0.574587813918111	  35.9672564318869	  -28.7104733419141	  1.59490581743562	  0	
  -98.9292690679131	  0	  -3.4483516549944	  -94.6792009947832	  3.7338200141136	  65.6604710379899	  96.2844507423785	  2.47221145206207	  26.9415684677295	  -0.315529719453755	  49.644697432546	  -38.7328137739609	  2.75575776473816	  0	
  0.272750299687455	  0	  -4.59444596639534	  -5.32446615725625	  2.50831743142759	  1.35895080949058	  2.47221145206207	  14.8666489195369	  3.17647813406416	  -0.521277746918303	  0.0941485160825296	  -1.90229669668974	  2.66288567987742	  0	
  67.3507961189046	  0	  -6.70821113095184	  -140.74844197979	  2.10261951091984	  8.85444209470347	  26.9415684677295	  3.17647813406416	  104.254720456281	  2.61387588150949	  -8.67158235455886	  4.50279864644574	  2.97993457216365	  0	
  2.9784380776521	  0	  -4.34429436878898	  -2.68633410461808	  -2.03915085744298	  -0.574587813918111	  -0.315529719453755	  -0.521277746918303	  2.61387588150949	  10.3509523971895	  -0.683174078174542	  0.849995969718457	  -0.53209157234201	  0	
  -79.5708030147432	  0	  1.323209327244	  -22.0865722604894	  1.94105567830937	  35.9672564318869	  49.644697432546	  0.0941485160825296	  -8.67158235455886	  -0.683174078174542	  288.427544870344	  527.225571937115	  3.33611111514808	  0	
  58.173945906833	  0	  4.30504933596493	  19.8006999823373	  -1.01932029353086	  -28.7104733419141	  -38.7328137739609	  -1.90229669668974	  4.50279864644574	  0.849995969718457	  527.225571937115	  1253.3297960292	  4.38462562247809	  0	
  -0.525105274821015	  0	  -7.47344254191402	  -5.36596560572901	  -0.60824372730912	  1.59490581743562	  2.75575776473816	  2.66288567987742	  2.97993457216365	  -0.53209157234201	  3.33611111514808	  4.38462562247809	  15.9121143244135	  0	
  0	  0	  0	  0	  0	  0	  0	  0	  0	  0	  0	  0	  0	  0	
+++ Normalization Integrals +++
  EtaPi
8474	8474
7
EtaPi::Negative::S0-
EtaPi::Negative::P0-
EtaPi::Negative::P1-
EtaPi::Negative::D0-
EtaPi::Negative::D1-
EtaPi::Positive::P1+
EtaPi::Positive::D1+
(0.0795772854596528,0)	(-0.000123189557784079,-0)	(-0.000361955097983224,-0)	(-0.000745291432349965,-0)	(-0.000529830960670897,-0)	(0,-0)	(0,-0)	
(-0.000123189557784079,0)	(0.0789106765373255,0)	(-0.000410405297396692,-0)	(-0.000405001270125047,-0)	(-0.000832377948901697,-0)	(0,-0)	(0,-0)	
(-0.000361955097983224,0)	(-0.000410405297396692,0)	(0.0798682507573618,0)	(-0.000316182347352313,-0)	(-0.000905647989765627,-0)	(0,-0)	(0,-0)	
(-0.000745291432349965,0)	(-0.000405001270125047,0)	(-0.000316182347352313,0)	(0.0783388309670011,0)	(0.0014970897418022,-0)	(0,-0)	(0,-0)	
(-0.000529830960670897,0)	(-0.000832377948901697,0)	(-0.000905647989765627,0)	(0.0014970897418022,0)	(0.0787595578692951,0)	(0,-0)	(0,-0)	
(0,0)	(0,0)	(0,0)	(0,0)	(0,0)	(0.0799529290842285,0)	(0.00105522910394035,-0)	
(0,0)	(0,0)	(0,0)	(0,0)	(0,0)	(0.00105522910394035,0)	(0.0809352708363097,0)	
(0.0795772854596528,0)	(-0.000123189557784079,-0)	(-0.000361955097983224,-0)	(-0.000745291432349965,-0)	(-0.000529830960670897,-0)	(0,-0)	(0,-0)	
(-0.000123189557784079,0)	(0.0789106765373255,0)	(-0.000410405297396692,-0)	(-0.000405001270125047,-0)	(-0.000832377948901697,-0)	(0,-0)	(0,-0)	
(-0.000361955097983224,0)	(-0.000410405297396692,0)	(0.0798682507573618,0)	(-0.000316182347352313,-0)	(-0.000905647989765627,-0)	(0,-0)	(0,-0)	
(-0.000745291432349965,0)	(-0.000405001270125047,0)	(-0.000316182347352313,0)	(0.0783388309670011,0)	(0.0014970897418022,-0)	(0,-0)	(0,-0)	
(-0.000529830960670897,0)	(-0.000832377948901697,0)	(-0.000905647989765627,0)	(0.0014970897418022,0)	(0.0787595578692951,0)	(0,-0)	(0,-0)	
(0,0)	(0,0)	(0,0)	(0,0)	(0,0)	(0.0799529290842285,0)	(0.00105522910394035,-0)	
(0,0)	(0,0)	(0,0)	(0,0)	(0,0)	(0.00105522910394035,0)	(0.0809352708363097,0)	
+++ Below these two lines is a config file that is   +++
+++ functionally equivalent to that used in the fit. +++
### FIT CONFIGURATION ###
fit bin_15
reaction EtaPi gamma Proton Pi0 Eta
sum EtaPi::Positive
sum EtaPi::Negative
amplitude EtaPi::Negative::S0- TwoPSAngles 0 0 -1
amplitude EtaPi::Negative::P0- TwoPSAngles 1 0 -1
amplitude EtaPi::Negative::P1- TwoPSAngles 1 1 -1
amplitude EtaPi::Negative::D0- TwoPSAngles 2 0 -1
amplitude EtaPi::Negative::D1- TwoPSAngles 2 1 -1
amplitude EtaPi::Positive::P1+ TwoPSAngles 1 1 1
amplitude EtaPi::Positive::D1+ TwoPSAngles 2 1 1
scale EtaPi::Negative::S0- 1.0
scale EtaPi::Negative::P0- 1.0
scale EtaPi::Negative::P1- 1.0
scale EtaPi::Negative::D0- 1.0
scale EtaPi::Negative::D1- 1.0
scale EtaPi::Positive::P1+ 1.0
scale EtaPi::Positive::D1+ 1.0
initialize EtaPi::Negative::S0- cartesian 277.279267225 0 real
initialize EtaPi::Negative::P0- cartesian 16.5097874768 34.7813789472
initialize EtaPi::Negative::P1- cartesian 24.074328196 62.3837124136
initialize EtaPi::Negative::D0- cartesian 266.51186555 85.0404563054
initialize EtaPi::Negative::D1- cartesian -1.43421455783 9.73365265304
initialize EtaPi::Positive::P1+ cartesian 49.8967383194 -20.0457308924
initialize EtaPi::Positive::D1+ cartesian 71.9421389061 0 real
data EtaPi ROOTDataReader data_pi0eta_tLT1_15.root
genmc EtaPi ROOTDataReader thrown_pi0eta_tLT1_15.root
accmc EtaPi ROOTDataReader reco_pi0eta_tLT1_15.root
normintfile EtaPi bin_15.ni
