*** DO NOT EDIT THIS FILE - IT IS FORMATTED FOR INPUT ***
+++ Reactions, Amplitudes, and Scale Parameters +++
  1
  EtaPi	7
  EtaPi::Negative::S0-	-	1
  EtaPi::Negative::P0-	-	1
  EtaPi::Negative::P1-	-	1
  EtaPi::Negative::D0-	-	1
  EtaPi::Negative::D1-	-	1
  EtaPi::Positive::P1+	-	1
  EtaPi::Positive::D1+	-	1
+++ Likelihood Total and Partial Sums +++
  -5758.43369528633
  EtaPi	-5758.43369528633
+++ Fitter Information +++
  lastMinuitCommand	1
  lastMinuitCommandStatus	0
  eMatrixStatus	3
  minuitPrecision	1e-13
  minuitStrategy	1
  estDistToMinimum	8.91737864890656e-06
  bestMinimum	-5758.43369528633
+++ Parameter Values and Errors +++
  14
  EtaPi::Negative::S0-_re	-6.44480220163086
  EtaPi::Negative::S0-_im	0
  EtaPi::Negative::P0-_re	-20.8325299958387
  EtaPi::Negative::P0-_im	19.5125466788868
  EtaPi::Negative::P1-_re	-0.175719084828819
  EtaPi::Negative::P1-_im	-4.48707168443835
  EtaPi::Negative::D0-_re	57.2168038211792
  EtaPi::Negative::D0-_im	47.7350120517796
  EtaPi::Negative::D1-_re	-1.74978224743563
  EtaPi::Negative::D1-_im	1.27251471371513
  EtaPi::Positive::P1+_re	-0.00343232412288519
  EtaPi::Positive::P1+_im	-0.00411365480026441
  EtaPi::Positive::D1+_re	0.00809201455071667
  EtaPi::Positive::D1+_im	0
  6.6600775149763	  0	  7.96696694360554	  6.1060589355003	  -1.16857418202077	  0.0442102385549476	  15.8974529297365	  -17.5615384538251	  0.127273668782347	  1.20433337856515	  0.332954509737403	  0.225884659045452	  0.199003198187991	  0	
  0	  0	  0	  0	  0	  0	  0	  0	  0	  0	  0	  0	  0	  0	
  7.96696694360554	  0	  59.6050897658844	  56.2503181801143	  -12.1221992965508	  2.68294445696833	  128.735100997206	  -151.530104166945	  1.78438997888378	  5.63261476956257	  0.067016933577683	  -0.0721447236723082	  0.233975872751167	  0	
  6.1060589355003	  0	  56.2503181801143	  83.4258693169968	  -12.3461447832627	  0.0413357529711543	  149.295099021795	  -186.54778354808	  2.47943974973052	  6.93035961570723	  -1.40516491641793	  -0.773483983218962	  -1.33439218794055	  0	
  -1.16857418202077	  0	  -12.1221992965508	  -12.3461447832627	  10.1343390990945	  -5.15520895343129	  -28.6978850941765	  33.5724805738251	  -1.0562824406753	  -0.708408789655504	  0.325362786749943	  0.191977006914524	  0.284874473074442	  0	
  0.0442102385549476	  0	  2.68294445696833	  0.0413357529711543	  -5.15520895343129	  11.0672231924007	  3.98563551436053	  -2.82376418776449	  0.844776076190277	  -0.194716962005742	  -0.274890948711487	  -0.157440004970751	  -0.247012878912833	  0	
  15.8974529297365	  0	  128.735100997206	  149.295099021795	  -28.6978850941765	  3.98563551436053	  317.859217547254	  -379.899373159967	  5.07184647765319	  13.7983821953561	  -1.565101781308	  -1.03355255098248	  -1.19272218550105	  0	
  -17.5615384538251	  0	  -151.530104166945	  -186.54778354808	  33.5724805738251	  -2.82376418776449	  -379.899373159967	  466.400645606486	  -6.07253870017419	  -16.9389163816988	  1.87746083867778	  1.175362648536	  1.55958701072533	  0	
  0.127273668782347	  0	  1.78438997888378	  2.47943974973052	  -1.0562824406753	  0.844776076190277	  5.07184647765319	  -6.07253870017419	  6.19845993975599	  -0.62293233957853	  -0.127673196849425	  -0.0704046879337661	  -0.123382960486079	  0	
  1.20433337856515	  0	  5.63261476956257	  6.93035961570723	  -0.708408789655504	  -0.194716962005742	  13.7983821953561	  -16.9389163816988	  -0.62293233957853	  7.82811848823437	  0.150686870724554	  0.0785949952397323	  0.147668079410834	  0	
  0.332954509737403	  0	  0.067016933577683	  -1.40516491641793	  0.325362786749943	  -0.274890948711487	  -1.565101781308	  1.87746083867778	  -0.127673196849425	  0.150686870724554	  73.1522498704898	  -0.0406359634465807	  29.2952539168943	  0	
  0.225884659045452	  0	  -0.0721447236723082	  -0.773483983218962	  0.191977006914524	  -0.157440004970751	  -1.03355255098248	  1.175362648536	  -0.0704046879337661	  0.0785949952397323	  -0.0406359634465807	  58.7638415248251	  -0.0356818709665195	  0	
  0.199003198187991	  0	  0.233975872751167	  -1.33439218794055	  0.284874473074442	  -0.247012878912833	  -1.19272218550105	  1.55958701072533	  -0.123382960486079	  0.147668079410834	  29.2952539168943	  -0.0356818709665195	  59.6462587881987	  0	
  0	  0	  0	  0	  0	  0	  0	  0	  0	  0	  0	  0	  0	  0	
+++ Normalization Integrals +++
  EtaPi
8619	8619
7
EtaPi::Negative::S0-
EtaPi::Negative::P0-
EtaPi::Negative::P1-
EtaPi::Negative::D0-
EtaPi::Negative::D1-
EtaPi::Positive::P1+
EtaPi::Positive::D1+
(0.079577285459653,0)	(0.0006680370510087,-0)	(0.00131065795997481,-0)	(-0.000743797081172015,-0)	(-0.000442855304579355,-0)	(0,-0)	(0,-0)	
(0.0006680370510087,0)	(0.078912013125652,0)	(-0.000343034243883093,-0)	(0.00048186279814057,-0)	(0.000848447635539449,-0)	(0,-0)	(0,-0)	
(0.00131065795997481,0)	(-0.000343034243883093,0)	(0.078700630351391,0)	(-0.000730582940719426,-0)	(0.0013118719405205,-0)	(0,-0)	(0,-0)	
(-0.000743797081172015,0)	(0.00048186279814057,0)	(-0.000730582940719426,0)	(0.0796945585489482,0)	(5.01718855378155e-05,-0)	(0,-0)	(0,-0)	
(-0.000442855304579355,0)	(0.000848447635539449,0)	(0.0013118719405205,0)	(5.01718855378155e-05,0)	(0.0776872919954967,0)	(0,-0)	(0,-0)	
(0,0)	(0,0)	(0,0)	(0,0)	(0,0)	(0.081119212901872,0)	(-0.000143414924154215,-0)	
(0,0)	(0,0)	(0,0)	(0,0)	(0,0)	(-0.000143414924154215,0)	(0.0802021275813891,0)	
(0.079577285459653,0)	(0.0006680370510087,-0)	(0.00131065795997481,-0)	(-0.000743797081172015,-0)	(-0.000442855304579355,-0)	(0,-0)	(0,-0)	
(0.0006680370510087,0)	(0.078912013125652,0)	(-0.000343034243883093,-0)	(0.00048186279814057,-0)	(0.000848447635539449,-0)	(0,-0)	(0,-0)	
(0.00131065795997481,0)	(-0.000343034243883093,0)	(0.078700630351391,0)	(-0.000730582940719426,-0)	(0.0013118719405205,-0)	(0,-0)	(0,-0)	
(-0.000743797081172015,0)	(0.00048186279814057,0)	(-0.000730582940719426,0)	(0.0796945585489482,0)	(5.01718855378155e-05,-0)	(0,-0)	(0,-0)	
(-0.000442855304579355,0)	(0.000848447635539449,0)	(0.0013118719405205,0)	(5.01718855378155e-05,0)	(0.0776872919954967,0)	(0,-0)	(0,-0)	
(0,0)	(0,0)	(0,0)	(0,0)	(0,0)	(0.081119212901872,0)	(-0.000143414924154215,-0)	
(0,0)	(0,0)	(0,0)	(0,0)	(0,0)	(-0.000143414924154215,0)	(0.0802021275813891,0)	
+++ Below these two lines is a config file that is   +++
+++ functionally equivalent to that used in the fit. +++
### FIT CONFIGURATION ###
fit bin_45
reaction EtaPi gamma Proton Pi0 Eta
sum EtaPi::Positive
sum EtaPi::Negative
amplitude EtaPi::Negative::S0- TwoPSAngles 0 0 -1
amplitude EtaPi::Negative::P0- TwoPSAngles 1 0 -1
amplitude EtaPi::Negative::P1- TwoPSAngles 1 1 -1
amplitude EtaPi::Negative::D0- TwoPSAngles 2 0 -1
amplitude EtaPi::Negative::D1- TwoPSAngles 2 1 -1
amplitude EtaPi::Positive::P1+ TwoPSAngles 1 1 1
amplitude EtaPi::Positive::D1+ TwoPSAngles 2 1 1
scale EtaPi::Negative::S0- 1.0
scale EtaPi::Negative::P0- 1.0
scale EtaPi::Negative::P1- 1.0
scale EtaPi::Negative::D0- 1.0
scale EtaPi::Negative::D1- 1.0
scale EtaPi::Positive::P1+ 1.0
scale EtaPi::Positive::D1+ 1.0
initialize EtaPi::Negative::S0- cartesian 128.603041979 0 real
initialize EtaPi::Negative::P0- cartesian 37.0077614624 76.6759563075
initialize EtaPi::Negative::P1- cartesian 12.8357961571 2.02118778271
initialize EtaPi::Negative::D0- cartesian 315.805870529 -6.11074472758
initialize EtaPi::Negative::D1- cartesian 5.33750835294 -7.10402958871
initialize EtaPi::Positive::P1+ cartesian 30.6528832339 -15.8584383282
initialize EtaPi::Positive::D1+ cartesian 20.4925936214 0 real
data EtaPi ROOTDataReader data_pi0eta_tLT1_45.root
genmc EtaPi ROOTDataReader thrown_pi0eta_tLT1_45.root
accmc EtaPi ROOTDataReader reco_pi0eta_tLT1_45.root
normintfile EtaPi bin_45.ni
