*** DO NOT EDIT THIS FILE - IT IS FORMATTED FOR INPUT ***
+++ Reactions, Amplitudes, and Scale Parameters +++
  1
  EtaPi	7
  EtaPi::Negative::S0-	-	1
  EtaPi::Negative::P0-	-	1
  EtaPi::Negative::P1-	-	1
  EtaPi::Negative::D0-	-	1
  EtaPi::Negative::D1-	-	1
  EtaPi::Positive::P1+	-	1
  EtaPi::Positive::D1+	-	1
+++ Likelihood Total and Partial Sums +++
  -8098.11168409968
  EtaPi	-8098.11168409968
+++ Fitter Information +++
  lastMinuitCommand	1
  lastMinuitCommandStatus	0
  eMatrixStatus	3
  minuitPrecision	1e-13
  minuitStrategy	1
  estDistToMinimum	1.38979910087319e-05
  bestMinimum	-8098.11168409968
+++ Parameter Values and Errors +++
  14
  EtaPi::Negative::S0-_re	-7.94223609434537
  EtaPi::Negative::S0-_im	0
  EtaPi::Negative::P0-_re	-14.1249745805548
  EtaPi::Negative::P0-_im	-16.4277850272844
  EtaPi::Negative::P1-_re	3.64802016078622
  EtaPi::Negative::P1-_im	6.69681234211902
  EtaPi::Negative::D0-_re	74.7830450031915
  EtaPi::Negative::D0-_im	-48.4241651805854
  EtaPi::Negative::D1-_re	0.0297833392955993
  EtaPi::Negative::D1-_im	-4.16755224622558
  EtaPi::Positive::P1+_re	5.58728405471461
  EtaPi::Positive::P1+_im	0.0054595110629462
  EtaPi::Positive::D1+_re	-12.1554899123744
  EtaPi::Positive::D1+_im	0
  10.2688775749677	  0	  20.361892291977	  -9.0518047915603	  -4.25188666512657	  5.36058416126596	  47.3343835981929	  70.1394949739854	  4.89961839343085	  1.77600233640336	  -13.9800912384164	  21.728630456074	  -7.56322406525823	  0	
  0	  0	  0	  0	  0	  0	  0	  0	  0	  0	  0	  0	  0	  0	
  20.361892291977	  0	  98.0667790320194	  -38.5090235472632	  -24.7705149695408	  18.3580235042616	  216.423379765085	  321.495694100299	  22.8943904757314	  5.39557332224845	  -67.1332718115349	  -1.58187557740073	  -50.9719972992871	  0	
  -9.0518047915603	  0	  -38.5090235472632	  81.9679079011682	  26.6870772797051	  -3.54147647955335	  -163.411707373091	  -259.194372704546	  -16.8786014066732	  -5.26736749326158	  5.95816371483495	  3.78277447814597	  -19.0081734257659	  0	
  -4.25188666512657	  0	  -24.7705149695408	  26.6870772797051	  19.0884860377371	  2.95887426255792	  -77.0527194859829	  -118.065176107319	  -8.14568935073861	  -2.44023613140457	  12.3606254274945	  4.90226762885235	  4.72526051461827	  0	
  5.36058416126596	  0	  18.3580235042616	  -3.54147647955335	  2.95887426255792	  18.3027504360608	  36.518160568017	  54.4118497681573	  3.44754553680367	  -0.0332899949635692	  -15.003986440132	  3.80968881994211	  -9.82822336936667	  0	
  47.3343835981929	  0	  216.423379765085	  -163.411707373091	  -77.0527194859829	  36.518160568017	  592.429227190092	  894.283895563962	  61.5842306183518	  14.96226185027	  -128.962537240116	  -17.2436240643708	  -66.8673300792862	  0	
  70.1394949739854	  0	  321.495694100299	  -259.194372704546	  -118.065176107319	  54.4118497681573	  894.283895563962	  1365.66810817837	  92.9009139622674	  22.5363015955138	  -186.235253485226	  -12.33339593139	  -92.3618377590727	  0	
  4.89961839343085	  0	  22.8943904757314	  -16.8786014066732	  -8.14568935073861	  3.44754553680367	  61.5842306183518	  92.9009139622674	  13.9203047416356	  4.45823072333679	  -11.1235045920347	  -1.09849122446352	  -5.82977652251528	  0	
  1.77600233640336	  0	  5.39557332224845	  -5.26736749326158	  -2.44023613140457	  -0.0332899949635692	  14.96226185027	  22.5363015955138	  4.45823072333679	  8.82010358029777	  -1.1323802840229	  0.975405877159348	  -1.37290390412932	  0	
  -13.9800912384164	  0	  -67.1332718115349	  5.95816371483495	  12.3606254274945	  -15.003986440132	  -128.962537240116	  -186.235253485226	  -11.1235045920347	  -1.1323802840229	  112.982823910123	  26.9620366927405	  79.6425173866927	  0	
  21.728630456074	  0	  -1.58187557740073	  3.78277447814597	  4.90226762885235	  3.80968881994211	  -17.2436240643708	  -12.33339593139	  -1.09849122446352	  0.975405877159348	  26.9620366927405	  1194.50495390219	  89.0460745550926	  0	
  -7.56322406525823	  0	  -50.9719972992871	  -19.0081734257659	  4.72526051461827	  -9.82822336936667	  -66.8673300792862	  -92.3618377590727	  -5.82977652251528	  -1.37290390412932	  79.6425173866927	  89.0460745550926	  95.2442499085418	  0	
  0	  0	  0	  0	  0	  0	  0	  0	  0	  0	  0	  0	  0	  0	
+++ Normalization Integrals +++
  EtaPi
8268	8268
7
EtaPi::Negative::S0-
EtaPi::Negative::P0-
EtaPi::Negative::P1-
EtaPi::Negative::D0-
EtaPi::Negative::D1-
EtaPi::Positive::P1+
EtaPi::Positive::D1+
(0.0795772854596526,0)	(-0.00046119491933331,-0)	(0.00106886367556926,-0)	(-0.00139669259109964,-0)	(0.00124514095983816,-0)	(0,-0)	(0,-0)	
(-0.00046119491933331,0)	(0.0783280456286909,0)	(0.000964482040226786,-0)	(0.000155388629513793,-0)	(0.00174509917886769,-0)	(0,-0)	(0,-0)	
(0.00106886367556926,0)	(0.000964482040226786,0)	(0.0796662258706569,0)	(0.000316274302396214,-0)	(-0.000832835812040275,-0)	(0,-0)	(0,-0)	
(-0.00139669259109964,0)	(0.000155388629513793,0)	(0.000316274302396214,0)	(0.0784505242289352,0)	(-0.000429107438347513,-0)	(0,-0)	(0,-0)	
(0.00124514095983816,0)	(0.00174509917886769,0)	(-0.000832835812040275,0)	(-0.000429107438347513,0)	(0.0790628987464874,0)	(0,-0)	(0,-0)	
(0,0)	(0,0)	(0,0)	(0,0)	(0,0)	(0.0807375848795674,0)	(-0.000537391683406242,-0)	
(0,0)	(0,0)	(0,0)	(0,0)	(0,0)	(-0.000537391683406242,0)	(0.0795119540954816,0)	
(0.0795772854596526,0)	(-0.00046119491933331,-0)	(0.00106886367556926,-0)	(-0.00139669259109964,-0)	(0.00124514095983816,-0)	(0,-0)	(0,-0)	
(-0.00046119491933331,0)	(0.0783280456286909,0)	(0.000964482040226786,-0)	(0.000155388629513793,-0)	(0.00174509917886769,-0)	(0,-0)	(0,-0)	
(0.00106886367556926,0)	(0.000964482040226786,0)	(0.0796662258706569,0)	(0.000316274302396214,-0)	(-0.000832835812040275,-0)	(0,-0)	(0,-0)	
(-0.00139669259109964,0)	(0.000155388629513793,0)	(0.000316274302396214,0)	(0.0784505242289352,0)	(-0.000429107438347513,-0)	(0,-0)	(0,-0)	
(0.00124514095983816,0)	(0.00174509917886769,0)	(-0.000832835812040275,0)	(-0.000429107438347513,0)	(0.0790628987464874,0)	(0,-0)	(0,-0)	
(0,0)	(0,0)	(0,0)	(0,0)	(0,0)	(0.0807375848795674,0)	(-0.000537391683406242,-0)	
(0,0)	(0,0)	(0,0)	(0,0)	(0,0)	(-0.000537391683406242,0)	(0.0795119540954816,0)	
+++ Below these two lines is a config file that is   +++
+++ functionally equivalent to that used in the fit. +++
### FIT CONFIGURATION ###
fit bin_43
reaction EtaPi gamma Proton Pi0 Eta
sum EtaPi::Positive
sum EtaPi::Negative
amplitude EtaPi::Negative::S0- TwoPSAngles 0 0 -1
amplitude EtaPi::Negative::P0- TwoPSAngles 1 0 -1
amplitude EtaPi::Negative::P1- TwoPSAngles 1 1 -1
amplitude EtaPi::Negative::D0- TwoPSAngles 2 0 -1
amplitude EtaPi::Negative::D1- TwoPSAngles 2 1 -1
amplitude EtaPi::Positive::P1+ TwoPSAngles 1 1 1
amplitude EtaPi::Positive::D1+ TwoPSAngles 2 1 1
scale EtaPi::Negative::S0- 1.0
scale EtaPi::Negative::P0- 1.0
scale EtaPi::Negative::P1- 1.0
scale EtaPi::Negative::D0- 1.0
scale EtaPi::Negative::D1- 1.0
scale EtaPi::Positive::P1+ 1.0
scale EtaPi::Positive::D1+ 1.0
initialize EtaPi::Negative::S0- cartesian 219.300714057 0 real
initialize EtaPi::Negative::P0- cartesian 38.1143246962 34.2805987668
initialize EtaPi::Negative::P1- cartesian 31.7717736199 31.4255812461
initialize EtaPi::Negative::D0- cartesian 139.606697943 -10.1004668567
initialize EtaPi::Negative::D1- cartesian 24.9804969566 -5.33292936182
initialize EtaPi::Positive::P1+ cartesian 55.0436183155 -12.1450884231
initialize EtaPi::Positive::D1+ cartesian 86.2155783133 0 real
data EtaPi ROOTDataReader data_pi0eta_tLT1_43.root
genmc EtaPi ROOTDataReader thrown_pi0eta_tLT1_43.root
accmc EtaPi ROOTDataReader reco_pi0eta_tLT1_43.root
normintfile EtaPi bin_43.ni
