*** DO NOT EDIT THIS FILE - IT IS FORMATTED FOR INPUT ***
+++ Reactions, Amplitudes, and Scale Parameters +++
  1
  EtaPi	7
  EtaPi::Negative::S0-	-	1
  EtaPi::Negative::P0-	-	1
  EtaPi::Negative::P1-	-	1
  EtaPi::Negative::D0-	-	1
  EtaPi::Negative::D1-	-	1
  EtaPi::Positive::P1+	-	1
  EtaPi::Positive::D1+	-	1
+++ Likelihood Total and Partial Sums +++
  -32441.1480497506
  EtaPi	-32441.1480497506
+++ Fitter Information +++
  lastMinuitCommand	1
  lastMinuitCommandStatus	0
  eMatrixStatus	3
  minuitPrecision	1e-13
  minuitStrategy	1
  estDistToMinimum	1.68662817095058e-05
  bestMinimum	-32441.1480497506
+++ Parameter Values and Errors +++
  14
  EtaPi::Negative::S0-_re	36.4612134285425
  EtaPi::Negative::S0-_im	0
  EtaPi::Negative::P0-_re	-1.74175041443018
  EtaPi::Negative::P0-_im	-0.0476596117026754
  EtaPi::Negative::P1-_re	9.13412839939829
  EtaPi::Negative::P1-_im	91.9482644618085
  EtaPi::Negative::D0-_re	105.912163660242
  EtaPi::Negative::D0-_im	-12.6176596857972
  EtaPi::Negative::D1-_re	-0.421144275591124
  EtaPi::Negative::D1-_im	1.39130450240034
  EtaPi::Positive::P1+_re	84.8738145360849
  EtaPi::Positive::P1+_im	-34.3697545173373
  EtaPi::Positive::D1+_re	0.992215631517135
  EtaPi::Positive::D1+_im	0
  20.7439427403414	  0	  -0.0245199209696395	  0.308846519726041	  -1.05243066772959	  3.43742613361617	  -11.3074989055169	  3.82043528998305	  -0.184389917444097	  -0.00373448647666631	  2.41091729566705	  -2.75794661517428	  0.182068230794317	  0	
  0	  0	  0	  0	  0	  0	  0	  0	  0	  0	  0	  0	  0	  0	
  -0.0245199209696395	  0	  6.51706197790325	  1.74123397752563	  -0.172127628270124	  0.00856890853169027	  0.262662629443999	  0.0828319318588265	  -1.43808946580129	  -1.48846397293732	  0.221826899152729	  0.796227535333749	  -1.72688889603712	  0	
  0.308846519726041	  0	  1.74123397752563	  23.5780268117513	  -0.359045327357709	  0.247040004648082	  -0.25290053845263	  0.207511121621262	  -11.3426485363532	  1.17713065195882	  -0.0660914895740763	  0.0190370701799194	  0.0647135436170951	  0	
  -1.05243066772959	  0	  -0.172127628270124	  -0.359045327357709	  83.7294142883477	  -8.51958677679499	  -7.17507201435121	  -73.4194429968488	  1.9387856447759	  1.05801725336691	  -0.684244404926143	  0.764726580817137	  -0.571156493619817	  0	
  3.43742613361617	  0	  0.00856890853169027	  0.247040004648082	  -8.51958677679499	  7.66942632370261	  -2.315839294968	  8.81458615711112	  -0.209763823552058	  -0.204046461569563	  -1.19652026089417	  -0.166181040672749	  0.0789101136851508	  0	
  -11.3074989055169	  0	  0.262662629443999	  -0.25290053845263	  -7.17507201435121	  -2.315839294968	  12.7965851088969	  5.36600299963534	  -0.0565990166206504	  -0.153698763833898	  -2.42629187875434	  2.02218005445612	  -0.190703798916534	  0	
  3.82043528998305	  0	  0.0828319318588265	  0.207511121621262	  -73.4194429968488	  8.81458615711112	  5.36600299963534	  80.5857621255271	  -1.82364775818627	  -0.882902106084341	  0.919491223608185	  -1.08750733954462	  0.531997480882241	  0	
  -0.184389917444097	  0	  -1.43808946580129	  -11.3426485363532	  1.9387856447759	  -0.209763823552058	  -0.0565990166206504	  -1.82364775818627	  14.7981678312988	  -0.556184544667231	  -0.00183404447533515	  0.0938348922030832	  -0.187861331266579	  0	
  -0.00373448647666631	  0	  -1.48846397293732	  1.17713065195882	  1.05801725336691	  -0.204046461569563	  -0.153698763833898	  -0.882902106084341	  -0.556184544667231	  7.77131022309059	  0.363455315482435	  0.954817795553511	  -2.11722270746413	  0	
  2.41091729566705	  0	  0.221826899152729	  -0.0660914895740763	  -0.684244404926143	  -1.19652026089417	  -2.42629187875434	  0.919491223608185	  -0.00183404447533515	  0.363455315482435	  204.637840789772	  494.576946676969	  -3.71564488417028	  0	
  -2.75794661517428	  0	  0.796227535333749	  0.0190370701799194	  0.764726580817137	  -0.166181040672749	  2.02218005445612	  -1.08750733954462	  0.0938348922030832	  0.954817795553511	  494.576946676969	  1241.84164177337	  -9.7821012305575	  0	
  0.182068230794317	  0	  -1.72688889603712	  0.0647135436170951	  -0.571156493619817	  0.0789101136851508	  -0.190703798916534	  0.531997480882241	  -0.187861331266579	  -2.11722270746413	  -3.71564488417028	  -9.7821012305575	  8.74592299879714	  0	
  0	  0	  0	  0	  0	  0	  0	  0	  0	  0	  0	  0	  0	  0	
+++ Normalization Integrals +++
  EtaPi
8420	8420
7
EtaPi::Negative::S0-
EtaPi::Negative::P0-
EtaPi::Negative::P1-
EtaPi::Negative::D0-
EtaPi::Negative::D1-
EtaPi::Positive::P1+
EtaPi::Positive::D1+
(0.0795772854596528,0)	(-0.000363908258097845,-0)	(-0.000563538810767791,-0)	(0.000603705826189848,-0)	(-0.000283398057387266,-0)	(0,-0)	(0,-0)	
(-0.000363908258097845,0)	(0.0801172563659478,0)	(-0.000219519191321681,-0)	(-0.000800185998006538,-0)	(0.000267957386225635,-0)	(0,-0)	(0,-0)	
(-0.000563538810767791,0)	(-0.000219519191321681,0)	(0.0785129111423935,0)	(0.000862113448021161,-0)	(0.000587662467579508,-0)	(0,-0)	(0,-0)	
(0.000603705826189848,0)	(-0.000800185998006538,0)	(0.000862113448021161,0)	(0.0805447472175936,0)	(-0.000174674772823657,-0)	(0,-0)	(0,-0)	
(-0.000283398057387266,0)	(0.000267957386225635,0)	(0.000587662467579508,0)	(-0.000174674772823657,0)	(0.0782669012951652,0)	(0,-0)	(0,-0)	
(0,0)	(0,0)	(0,0)	(0,0)	(0,0)	(0.0801016888705738,0)	(-0.000603294346984692,-0)	
(0,0)	(0,0)	(0,0)	(0,0)	(0,0)	(-0.000603294346984692,0)	(0.0804976721240209,0)	
(0.0795772854596528,0)	(-0.000363908258097845,-0)	(-0.000563538810767791,-0)	(0.000603705826189848,-0)	(-0.000283398057387266,-0)	(0,-0)	(0,-0)	
(-0.000363908258097845,0)	(0.0801172563659478,0)	(-0.000219519191321681,-0)	(-0.000800185998006538,-0)	(0.000267957386225635,-0)	(0,-0)	(0,-0)	
(-0.000563538810767791,0)	(-0.000219519191321681,0)	(0.0785129111423935,0)	(0.000862113448021161,-0)	(0.000587662467579508,-0)	(0,-0)	(0,-0)	
(0.000603705826189848,0)	(-0.000800185998006538,0)	(0.000862113448021161,0)	(0.0805447472175936,0)	(-0.000174674772823657,-0)	(0,-0)	(0,-0)	
(-0.000283398057387266,0)	(0.000267957386225635,0)	(0.000587662467579508,0)	(-0.000174674772823657,0)	(0.0782669012951652,0)	(0,-0)	(0,-0)	
(0,0)	(0,0)	(0,0)	(0,0)	(0,0)	(0.0801016888705738,0)	(-0.000603294346984692,-0)	
(0,0)	(0,0)	(0,0)	(0,0)	(0,0)	(-0.000603294346984692,0)	(0.0804976721240209,0)	
+++ Below these two lines is a config file that is   +++
+++ functionally equivalent to that used in the fit. +++
### FIT CONFIGURATION ###
fit bin_21
reaction EtaPi gamma Proton Pi0 Eta
sum EtaPi::Positive
sum EtaPi::Negative
amplitude EtaPi::Negative::S0- TwoPSAngles 0 0 -1
amplitude EtaPi::Negative::P0- TwoPSAngles 1 0 -1
amplitude EtaPi::Negative::P1- TwoPSAngles 1 1 -1
amplitude EtaPi::Negative::D0- TwoPSAngles 2 0 -1
amplitude EtaPi::Negative::D1- TwoPSAngles 2 1 -1
amplitude EtaPi::Positive::P1+ TwoPSAngles 1 1 1
amplitude EtaPi::Positive::D1+ TwoPSAngles 2 1 1
scale EtaPi::Negative::S0- 1.0
scale EtaPi::Negative::P0- 1.0
scale EtaPi::Negative::P1- 1.0
scale EtaPi::Negative::D0- 1.0
scale EtaPi::Negative::D1- 1.0
scale EtaPi::Positive::P1+ 1.0
scale EtaPi::Positive::D1+ 1.0
initialize EtaPi::Negative::S0- cartesian 124.536323492 0 real
initialize EtaPi::Negative::P0- cartesian 32.85056666 18.2628264985
initialize EtaPi::Negative::P1- cartesian 27.0518365117 50.6159116262
initialize EtaPi::Negative::D0- cartesian 227.966846089 35.585016363
initialize EtaPi::Negative::D1- cartesian 25.6999244227 -13.2998163459
initialize EtaPi::Positive::P1+ cartesian 25.6186304946 -27.7080897438
initialize EtaPi::Positive::D1+ cartesian 31.7060034254 0 real
data EtaPi ROOTDataReader data_pi0eta_tLT1_21.root
genmc EtaPi ROOTDataReader thrown_pi0eta_tLT1_21.root
accmc EtaPi ROOTDataReader reco_pi0eta_tLT1_21.root
normintfile EtaPi bin_21.ni
